-,-,-
-105.224609, -53.466797, 1010.742188
79.101562, 88.378906, 982.910156
23.437500, 18.066406, 997.070312
-162.841797, -43.212891, 1058.593750
72.753906, 30.761719, 1072.753906
-115.966797, -21.240234, 1139.648438
-9.521484, 7.324219, 1192.382812
-73.974609, -42.236328, 968.750000
13.671875, 28.808594, 1099.609375
328.125000, -191.650391, 1203.125000
96.679688, 4.882812, 1087.890625
57.617188, -11.474609, 1047.363281
27.832031, -1.220703, 1051.757812
97.656250, -7.568359, 1006.835938
258.789062, 108.398438, 1005.859375
192.871094, 23.437500, 951.171875
171.875000, 25.390625, 988.281250
166.992188, 1.464844, 930.664062
29.296875, -82.763672, 942.382812
61.523438, -60.302734, 887.207031
156.250000, 18.066406, 903.320312
126.464844, -4.638672, 880.859375
76.660156, 0.488281, 918.945312
241.210938, 35.156250, 799.804688
-19.775391, -64.208984, 886.718750
111.816406, 29.785156, 755.859375
93.261719, 56.640625, 809.082031
-195.068359, -87.646484, 738.281250
45.410156, 69.824219, 817.382812
5.371094, 37.109375, 901.367188
-349.365234, -147.216797, 884.765625
-154.541016, -48.583984, 892.089844
-203.369141, -37.841797, 975.585938
-219.482422, -99.853516, 957.031250
-154.541016, -72.509766, 1056.640625
-295.654297, -146.728516, 1116.210938
-174.560547, -187.744141, 1064.453125
-233.154297, -245.361328, 889.648438
-31.494141, -164.794922, 985.351562
29.785156, -257.568359, 1365.722656
185.058594, -206.298828, 1486.328125
33.203125, -229.248047, 1286.621094
-35.400391, -133.056641, 831.054688
-55.419922, -60.791016, 925.781250
94.238281, -38.818359, 887.695312
92.773438, -133.544922, 957.519531
-,-,-
-16.357422, -75.927734, 992.187500
-108.642578, -120.849609, 1009.765625
-57.861328, -94.482422, 997.070312
-33.447266, -24.169922, 1023.925781
-128.173828, -59.326172, 1067.871094
-313.720703, -125.732422, 1004.882812
-194.091797, -64.208984, 961.914062
-109.130859, -15.380859, 1063.476562
-23.681641, -43.701172, 1142.578125
-102.783203, -81.787109, 1148.437500
36.621094, -20.263672, 1066.406250
-333.740234, -152.099609, 1172.851562
142.578125, 20.507812, 1108.886719
-55.419922, -115.478516, 1066.406250
38.574219, -71.044922, 1042.968750
138.183594, -6.591797, 1033.203125
-38.330078, -129.150391, 1090.332031
130.859375, -33.935547, 1079.101562
58.593750, -83.740234, 1016.601562
-37.353516, -106.201172, 1016.601562
35.156250, -75.439453, 954.101562
-13.916016, -105.224609, 921.875000
311.035156, 85.449219, 895.019531
215.332031, -4.638672, 826.171875
-95.947266, -143.310547, 717.285156
129.882812, 51.757812, 854.492188
16.113281, -20.263672, 743.164062
-217.041016, -124.755859, 800.781250
75.195312, 61.523438, 886.718750
-59.326172, -56.396484, 773.437500
-86.669922, -45.166016, 819.335938
-123.779297, -28.564453, 787.109375
-189.208984, -75.439453, 805.175781
-279.541016, -133.544922, 824.218750
-205.322266, -107.177734, 914.550781
-212.646484, -149.169922, 1058.593750
-108.642578, -112.060547, 945.312500
-168.701172, -170.654297, 1080.078125
-245.361328, -196.044922, 1092.285156
-143.310547, -171.142578, 1107.421875
-200.927734, -236.083984, 1329.589844
-77.880859, -227.294922, 1405.273438
-39.306641, -198.974609, 1182.617188
-2.685547, -150.146484, 832.031250
109.863281, -107.177734, 910.644531
-,-,-
-98.388672, -83.740234, 1003.417969
91.796875, 71.289062, 1042.480469
-75.927734, -48.095703, 1011.718750
24.414062, 58.105469, 958.496094
-18.798828, 30.761719, 1059.570312
-78.369141, -31.005859, 1183.593750
-17.333984, -0.244141, 1150.390625
-127.197266, -20.263672, 1087.890625
-57.373047, -28.564453, 1281.738281
-411.376953, -226.318359, 1042.480469
-28.076172, 152.832031, 1036.132812
-196.044922, 58.105469, 1066.406250
75.683594, 174.316406, 979.980469
76.660156, 145.507812, 957.031250
135.742188, 141.601562, 1009.765625
14.648438, 32.226562, 959.472656
39.550781, 74.707031, 1066.406250
-18.798828, -10.009766, 972.656250
-37.353516, -18.310547, 985.351562
118.164062, 70.312500, 936.035156
157.714844, 62.500000, 907.714844
57.128906, -0.244141, 957.519531
71.289062, 3.906250, 921.875000
102.050781, 22.460938, 860.351562
99.121094, 32.226562, 901.367188
-31.982422, -58.837891, 875.976562
133.300781, 43.457031, 866.210938
51.269531, 16.601562, 817.382812
-55.419922, -12.939453, 849.121094
28.808594, 20.507812, 699.707031
-63.232422, 57.128906, 844.726562
-138.427734, -16.845703, 817.382812
-102.783203, 27.343750, 858.398438
-184.814453, -11.474609, 857.421875
-253.662109, -47.119141, 917.968750
-156.005859, -42.724609, 924.804688
-223.876953, -38.818359, 953.125000
-197.509766, -91.552734, 1005.859375
-114.501953, -20.263672, 999.511719
-138.916016, -54.443359, 1109.863281
-160.400391, -73.974609, 1075.195312
-112.548828, -57.861328, 1146.484375
-,-,-
-108.642578, -67.138672, 1006.835938
-80.322266, -8.544922, 1009.765625
43.457031, 15.625000, 985.351562
-90.087891, -56.884766, 1038.574219
-27.099609, -25.146484, 1123.046875
52.734375, 47.851562, 1113.281250
-323.486328, -146.728516, 1369.140625
-155.517578, -57.861328, 998.046875
-132.568359, 19.042969, 1150.390625
-196.044922, -50.537109, 1110.839844
56.152344, 44.433594, 955.078125
32.226562, 39.062500, 1058.593750
151.855469, 38.085938, 977.539062
187.500000, 23.437500, 1004.882812
199.218750, 50.781250, 1058.593750
123.046875, -7.568359, 983.398438
80.078125, -5.615234, 948.242188
62.988281, -27.587891, 940.429688
32.226562, -34.912109, 894.042969
78.125000, 26.367188, 928.710938
62.988281, 16.113281, 908.691406
49.804688, 5.859375, 838.867188
100.097656, 45.410156, 884.765625
121.093750, 42.480469, 883.789062
10.742188, 22.460938, 921.875000
67.871094, 35.156250, 872.558594
80.566406, 83.984375, 852.050781
-19.775391, 27.832031, 832.031250
55.175781, 83.007812, 837.890625
86.425781, 78.613281, 879.882812
-75.927734, 2.929688, 892.089844
-92.041016, 39.062500, 851.074219
-4.638672, 116.699219, 883.789062
-296.630859, -59.814453, 867.187500
-331.298828, -61.279297, 949.218750
-287.353516, 10.253906, 941.406250
-493.896484, -98.388672, 854.492188
-420.654297, -70.068359, 1000.976562
-168.212891, -0.244141, 994.628906
-185.791016, -20.263672, 1009.765625
-112.060547, -51.513672, 1026.855469
-206.787109, -70.556641, 1155.761719
-230.712891, -101.806641, 1036.621094
70.312500, 46.386719, 1006.835938
0.976562, 11.718750, 1060.546875
-129.638672, -34.912109, 1138.183594
-82.275391, -28.564453, 1088.378906
23.437500, 44.921875, 1165.039062
-,-,-
-9.033203, -103.759766, 1061.523438
46.386719, -59.814453, 968.750000
105.468750, -30.517578, 956.542969
21.484375, -93.505859, 997.070312
81.542969, -47.119141, 1024.902344
6.835938, -88.623047, 1001.464844
-32.470703, -94.482422, 1135.742188
48.828125, -82.763672, 1075.195312
53.222656, -46.630859, 1085.937500
-143.310547, -8.544922, 1208.984375
32.714844, -51.513672, 898.437500
133.300781, 1.953125, 1079.101562
26.855469, -74.951172, 1114.746094
156.738281, -30.029297, 1051.757812
229.492188, -13.427734, 1058.593750
222.656250, -11.474609, 1023.925781
285.644531, 36.132812, 986.328125
128.906250, -39.794922, 981.933594
167.968750, -14.404297, 962.890625
158.691406, 16.113281, 968.750000
137.207031, 0.976562, 914.550781
113.769531, 21.484375, 934.570312
180.175781, 61.523438, 851.074219
138.183594, 53.710938, 872.558594
118.652344, 70.312500, 847.167969
131.835938, 83.007812, 864.257812
161.132812, 82.031250, 852.050781
97.656250, 46.875000, 810.546875
107.910156, 76.660156, 854.492188
99.121094, 54.687500, 793.945312
-54.443359, -5.615234, 832.519531
7.812500, 46.875000, 868.652344
18.554688, 77.148438, 794.921875
-63.720703, 36.132812, 838.867188
-22.705078, 35.156250, 911.621094
-50.537109, 4.882812, 973.632812
-68.115234, -10.009766, 969.726562
-46.630859, 1.464844, 1048.828125
-108.642578, -53.955078, 968.750000
-165.283203, -45.654297, 1007.324219
-309.326172, -105.224609, 1029.296875
-314.208984, -97.412109, 1024.902344
-241.943359, -57.861328, 1041.015625
-184.814453, -121.826172, 1083.007812
-55.908203, -25.634766, 1010.742188
86.914062, -45.166016, 1262.207031
-23.193359, -150.146484, 1349.609375
-2.685547, -162.841797, 1117.187500
-34.423828, -135.498047, 979.980469
-90.576172, -137.451172, 927.734375
2.441406, -72.021484, 903.320312
-3.173828, -58.349609, 967.773438
-,-,-
44.433594, -42.724609, 991.210938
-18.310547, -83.740234, 1014.648438
88.378906, -24.169922, 979.980469
-72.021484, -67.138672, 1064.453125
-12.451172, -57.861328, 1022.949219
-21.240234, -49.560547, 1037.597656
-69.580078, -72.021484, 1105.468750
41.992188, -24.169922, 981.933594
44.433594, -9.521484, 1075.195312
33.203125, -68.115234, 1084.472656
171.386719, -59.814453, 1007.812500
-580.810547, 403.320312, -205.810547
62.988281, -39.794922, 1108.886719
38.085938, -72.509766, 1225.585938
175.781250, -31.982422, 1073.730469
144.531250, -16.357422, 1068.847656
106.933594, -29.541016, 1014.648438
129.882812, -12.939453, 1002.441406
69.824219, -41.259766, 1013.671875
148.437500, -5.615234, 951.171875
204.589844, 34.179688, 961.425781
123.046875, -72.021484, 869.628906
179.687500, -58.837891, 914.550781
162.597656, -53.466797, 992.187500
183.105469, -84.716797, 922.851562
210.449219, -54.443359, 916.503906
130.859375, -103.271484, 881.835938
158.691406, -82.763672, 875.000000
211.914062, -47.119141, 910.156250
172.851562, -73.486328, 866.210938
104.492188, -112.060547, 887.695312
167.968750, -56.396484, 891.601562
62.988281, -85.205078, 873.535156
44.921875, -76.416016, 795.898438
65.429688, -5.615234, 881.835938
142.578125, -12.451172, 779.296875
28.808594, 5.859375, 808.593750
-94.970703, -41.748047, 893.066406
-35.888672, -34.912109, 923.828125
-70.068359, -35.888672, 919.921875
-137.451172, -77.880859, 923.828125
-138.427734, -50.537109, 954.101562
-191.650391, -113.037109, 915.527344
-233.154297, -88.623047, 1034.179688
-229.248047, -129.638672, 1012.695312
-136.474609, -85.205078, 972.656250
-60.302734, -78.857422, 991.210938
-155.029297, -177.490234, 914.550781
-124.755859, -132.568359, 1107.421875
-323.486328, -265.380859, 1068.847656
-253.173828, -167.724609, 1117.187500
-282.958984, -188.720703, 1286.621094
-248.291016, -134.521484, 1259.765625
-189.697266, -114.501953, 1068.847656
-170.654297, -75.439453, 905.273438
-131.591797, -113.037109, 840.820312
-96.435547, 310.058594, 774.414062
104.980469, -83.740234, 961.425781
133.300781, -96.435547, 1016.601562
91.796875, -108.154297, 1082.031250
37.597656, -150.146484, 1022.949219
5.371094, -131.103516, 1033.203125
-,-,-
88.867188, -45.654297, 1000.488281
-9.521484, -94.482422, 992.187500
19.042969, -40.283203, 946.289062
34.179688, -35.888672, 1023.925781
-1.708984, -53.466797, 1024.902344
-38.818359, -62.255859, 1055.664062
-84.716797, -95.458984, 1015.625000
-76.416016, -71.044922, 1035.156250
10.742188, -49.560547, 1066.894531
36.621094, -73.486328, 1027.343750
84.960938, -84.228516, 1108.398438
178.222656, -54.931641, 1153.320312
356.933594, -196.044922, 1623.046875
155.273438, -75.927734, 932.128906
170.410156, 8.789062, 1099.609375
144.531250, -48.583984, 1025.878906
159.667969, -22.705078, 970.703125
217.285156, 18.554688, 936.035156
219.726562, 8.789062, 978.027344
250.488281, 30.761719, 975.585938
309.570312, 84.472656, 981.933594
200.195312, 20.507812, 936.035156
180.175781, 19.531250, 914.550781
217.285156, 60.058594, 995.117188
107.910156, 15.136719, 967.773438
129.882812, 56.152344, 923.828125
145.996094, 81.054688, 953.125000
71.289062, 46.875000, 890.625000
210.937500, 145.507812, 898.437500
133.300781, 125.000000, 884.765625
139.160156, 112.304688, 862.304688
158.691406, 134.765625, 838.867188
-51.025391, 30.761719, 769.531250
41.503906, 128.906250, 774.414062
-136.474609, 45.410156, 934.570312
-107.666016, -0.732422, 898.437500
243.652344, 248.046875, 853.515625
-52.001953, 89.843750, 771.484375
-206.787109, 46.875000, 932.128906
76.171875, 193.359375, 862.304688
-146.728516, 96.679688, 952.148438
-260.009766, 38.085938, 1091.308594
-129.150391, 81.054688, 916.503906
-215.576172, 66.406250, 988.281250
-358.642578, -26.611328, 950.195312
-103.271484, 79.101562, 960.449219
-173.095703, 47.851562, 1106.933594
-37.841797, 46.875000, 916.503906
-11.962891, 49.804688, 1061.523438
-86.669922, -34.912109, 957.031250
-38.330078, -1.708984, 1118.164062
26.855469, 4.882812, 1127.441406
-24.169922, 10.742188, 1037.109375
4.394531, 27.832031, 1141.601562
-53.466797, 7.812500, 1102.539062
-88.134766, -15.869141, 1046.386719
-14.404297, 35.156250, 1127.929688
15.625000, 39.062500, 1132.324219
-,-,-
74.218750, -2.685547, 1009.765625
135.742188, 16.601562, 966.796875
41.015625, -6.591797, 1073.242188
68.359375, 24.414062, 973.632812
60.546875, 80.078125, 1089.355469
17.089844, -22.216797, 1022.949219
-18.310547, -79.833984, 1021.484375
28.320312, -33.935547, 1073.242188
93.261719, 41.503906, 1013.671875
258.300781, 73.730469, 983.886719
223.632812, 20.507812, 1072.753906
84.960938, -16.845703, 1012.695312
194.335938, 35.644531, 1020.507812
62.988281, -14.892578, 1122.070312
81.054688, 6.835938, 1072.265625
130.371094, 46.386719, 1035.156250
162.109375, 43.457031, 1020.507812
164.550781, 46.875000, 1000.488281
226.562500, 88.378906, 1000.488281
195.800781, 58.105469, 991.210938
180.175781, 48.828125, 985.351562
261.718750, 104.003906, 927.734375
184.082031, 75.195312, 955.566406
202.148438, 86.425781, 922.851562
283.203125, 157.226562, 856.445312
246.582031, 123.046875, 832.031250
204.101562, 104.003906, 881.835938
140.136719, 89.843750, 804.199219
195.312500, 121.093750, 878.906250
140.625000, 95.703125, 871.582031
7.324219, 33.203125, 850.097656
83.496094, 107.421875, 898.437500
-33.935547, 76.171875, 812.500000
-4.638672, 98.632812, 888.671875
-15.380859, 132.324219, 861.328125
3.417969, 146.972656, 866.210938
-9.521484, 122.070312, 886.718750
-86.181641, 46.386719, 911.132812
30.273438, 103.027344, 931.640625
-37.353516, 76.171875, 926.757812
-198.974609, -41.748047, 926.757812
-95.947266, 45.410156, 1006.835938
-249.755859, -17.333984, 1018.554688
-203.369141, -23.193359, 1083.984375
-236.083984, -11.962891, 1066.406250
-283.935547, -75.927734, 988.281250
-114.990234, 50.781250, 1098.632812
-28.076172, 17.089844, 1003.417969
60.546875, 33.203125, 1184.570312
130.859375, 66.406250, 1348.144531
-,-,-
47.851562, -27.587891, 1009.765625
121.093750, -9.521484, 1021.484375
155.273438, 23.437500, 1001.464844
154.785156, -2.197266, 1037.109375
227.050781, 43.945312, 1138.671875
18.066406, -33.447266, 1146.484375
-26.611328, -83.251953, 1007.812500
52.734375, -77.880859, 1186.523438
44.921875, -112.060547, 1030.761719
222.167969, 56.640625, 1048.828125
88.867188, -29.541016, 1057.617188
171.386719, 9.765625, 905.273438
229.980469, 86.914062, 913.574219
237.304688, 92.773438, 966.796875
275.878906, 85.449219, 939.941406
284.179688, 78.125000, 954.101562
235.839844, 55.664062, 966.796875
292.480469, 60.546875, 867.675781
336.425781, 123.046875, 927.734375
193.359375, 13.183594, 939.453125
268.066406, 66.406250, 932.617188
331.542969, 115.234375, 849.121094
189.941406, 50.781250, 878.906250
195.312500, 57.128906, 895.996094
245.117188, 99.609375, 876.953125
58.105469, 26.367188, 886.718750
74.707031, -2.685547, 929.687500
157.714844, 111.328125, 850.097656
-5.615234, 43.457031, 917.968750
15.625000, 78.125000, 915.527344
138.183594, 155.273438, 880.859375
47.851562, 120.117188, 914.550781
-31.494141, 78.125000, 883.789062
20.019531, 93.750000, 929.687500
-96.923828, 34.179688, 839.843750
-142.333984, 33.203125, 911.621094
-140.380859, 13.183594, 875.000000
-109.619141, 0.000000, 918.945312
-151.611328, -18.798828, 957.031250
-63.720703, 36.132812, 1003.417969
-35.888672, 56.152344, 932.617188
-78.857422, 3.417969, 1049.316406
-125.732422, -17.333984, 1079.101562
-74.951172, -49.072266, 1043.945312
-73.974609, -45.654297, 1110.839844
-43.701172, -54.443359, 1083.984375
47.851562, -11.962891, 1079.101562
-6.103516, -59.814453, 991.210938
2.929688, -48.583984, 1046.386719
39.062500, -46.630859, 1098.632812
65.429688, -42.236328, 1153.320312
57.617188, -61.279297, 1216.796875
-,-,-
-5.126953, -111.083984, 1007.812500
159.667969, -1.220703, 1044.433594
-57.373047, -145.263672, 1033.203125
124.511719, -17.333984, 1144.531250
-8.056641, -72.509766, 1151.367188
-12.939453, -100.830078, 1099.609375
-313.232422, -82.275391, 1318.359375
-5.126953, -46.142578, 1022.949219
6.835938, -12.451172, 1084.960938
52.734375, 1.953125, 1054.687500
107.421875, 21.484375, 945.312500
181.640625, 61.035156, 947.265625
173.339844, 17.578125, 946.289062
219.726562, 40.039062, 961.914062
185.058594, 16.601562, 967.773438
198.730469, 7.812500, 982.910156
242.675781, 13.671875, 988.281250
265.625000, 34.179688, 1007.812500
306.152344, 45.898438, 879.882812
291.015625, 86.425781, 1003.417969
307.617188, 122.070312, 912.109375
271.972656, 94.726562, 816.406250
256.347656, 126.953125, 913.574219
249.023438, 101.074219, 831.542969
126.464844, 46.386719, 825.195312
173.339844, 75.195312, 945.312500
123.046875, 59.082031, 827.636719
22.460938, 46.386719, 937.988281
147.949219, 116.210938, 917.968750
121.582031, 108.398438, 856.445312
-63.720703, 34.179688, 880.859375
-5.126953, 114.257812, 799.804688
-57.861328, 125.976562, 787.109375
-128.173828, 79.101562, 885.742188
-66.162109, 127.929688, 850.097656
-0.244141, 118.164062, 897.460938
-112.548828, 27.832031, 969.726562
-79.345703, 17.578125, 1018.554688
-7.080078, 40.039062, 1097.656250
-204.345703, -36.865234, 1073.242188
-101.806641, 8.789062, 988.281250
-178.955078, 8.789062, 1017.578125
-218.994141, 11.718750, 940.429688
-129.638672, 11.718750, 967.773438
-183.837891, 61.523438, 1026.855469
-30.029297, 37.109375, 910.156250
7.324219, 136.718750, 1228.515625
-59.326172, -6.591797, 1132.324219
-78.369141, -81.787109, 1053.710938
37.597656, -33.935547, 1156.738281
-,-,-
-71.533203, -63.232422, 1080.078125
114.257812, -3.662109, 931.640625
-122.802734, -100.830078, 1146.484375
-40.283203, -71.533203, 1207.031250
7.324219, -107.177734, 1299.804688
34.179688, -66.162109, 1112.792969
96.191406, 11.718750, 1153.320312
122.070312, 37.109375, 985.351562
116.210938, 60.058594, 947.265625
154.296875, 105.468750, 939.941406
131.835938, 90.820312, 984.375000
125.000000, 67.382812, 958.007812
171.875000, 118.164062, 1038.574219
149.902344, 96.679688, 1048.339844
185.058594, 122.070312, 1028.320312
120.117188, 84.960938, 1054.687500
234.863281, 162.597656, 940.429688
180.664062, 112.304688, 972.656250
133.789062, 89.355469, 978.027344
182.617188, 117.675781, 1008.789062
231.445312, 127.929688, 917.480469
146.972656, 76.171875, 827.148438
203.613281, 110.351562, 836.914062
357.421875, 204.101562, 815.429688
229.003906, 112.304688, 739.746094
229.003906, 152.343750, 814.453125
261.230469, 190.917969, 856.445312
58.105469, 113.281250, 875.976562
20.507812, 103.515625, 897.460938
103.027344, 161.621094, 907.226562
-30.029297, 61.035156, 838.867188
28.320312, 103.027344, 951.171875
37.597656, 113.281250, 904.296875
-82.275391, 69.335938, 960.937500
58.105469, 155.273438, 1034.179688
-48.583984, 90.820312, 897.460938
-109.130859, 69.335938, 976.562500
-35.888672, 123.046875, 937.011719
-140.380859, 66.406250, 955.078125
-126.220703, 63.476562, 1007.812500
-92.529297, 96.679688, 893.066406
-218.017578, 49.804688, 884.765625
-170.654297, 62.500000, 973.632812
-189.697266, 52.734375, 936.035156
-235.595703, 37.109375, 1082.031250
-109.130859, 57.128906, 978.027344
-116.943359, 16.113281, 983.398438
-158.447266, -54.443359, 1066.894531
-94.482422, -46.142578, 1043.457031
-14.404297, -33.935547, 1076.171875
-18.310547, -31.982422, 1081.054688
10.253906, 14.648438, 1089.355469
1.953125, 7.812500, 1110.839844
-70.556641, -3.662109, 1175.292969
-2.685547, -4.638672, 1174.804688
-8.544922, -25.634766, 1211.914062
-,-,-
115.234375, -29.052734, 991.210938
219.238281, 0.976562, 1004.394531
82.519531, -84.716797, 963.867188
119.628906, -33.935547, 1060.546875
-17.333984, -143.310547, 954.101562
81.542969, -52.490234, 1086.425781
35.644531, -78.857422, 1081.054688
108.886719, -55.419922, 1054.687500
-84.228516, -55.908203, 1390.136719
133.300781, -60.791016, 927.734375
62.011719, -105.224609, 1011.230469
148.925781, -44.189453, 1004.394531
238.769531, 5.859375, 1090.332031
193.359375, -62.255859, 1159.179688
360.351562, 60.058594, 1023.437500
339.843750, 67.382812, 994.140625
348.632812, 79.101562, 1015.625000
449.218750, 122.070312, 923.828125
428.710938, 127.929688, 966.796875
436.035156, 174.316406, 852.539062
340.820312, 121.093750, 915.527344
328.613281, 146.972656, 888.671875
223.144531, 93.750000, 855.468750
284.667969, 163.085938, 858.398438
253.417969, 154.296875, 792.968750
192.382812, 147.460938, 887.695312
227.050781, 176.269531, 823.730469
24.902344, 98.144531, 849.121094
82.519531, 128.906250, 833.007812
276.367188, 250.488281, 619.140625
-32.958984, 134.765625, 797.851562
32.714844, 164.062500, 807.617188
152.832031, 234.375000, 818.359375
36.132812, 168.945312, 905.273438
-170.654297, 41.015625, 1013.671875
121.582031, 145.996094, 932.617188
-56.396484, 128.906250, 866.210938
-212.158203, 76.171875, 886.718750
-168.701172, 123.046875, 876.953125
-233.154297, 46.875000, 928.710938
-247.314453, 64.453125, 1006.835938
-82.275391, 71.777344, 1050.781250
-90.576172, 16.113281, 990.234375
-112.548828, 3.906250, 1000.000000
-63.720703, -48.583984, 1115.234375
51.269531, 13.183594, 1000.488281
-9.033203, 36.132812, 1010.742188
-179.931641, -23.681641, 1240.722656
-183.837891, -24.169922, 1534.179688
-198.486328, -56.396484, 1517.578125
-99.365234, -16.357422, 1190.917969
-32.958984, 37.109375, 838.867188
-,-,-
292.480469, 27.343750, 1041.992188
134.765625, -75.439453, 978.515625
135.742188, -61.767578, 1055.664062
180.175781, -16.357422, 980.957031
58.593750, -113.525391, 1030.273438
-10.498047, -117.919922, 1072.265625
-27.587891, -78.369141, 1112.304688
8.789062, -60.302734, 1155.761719
17.578125, 11.718750, 1680.175781
313.964844, 75.683594, 1063.964844
154.296875, -20.263672, 979.003906
217.773438, 52.734375, 1077.148438
224.121094, 1.953125, 1091.308594
277.343750, 51.757812, 997.558594
343.261719, 99.121094, 923.828125
251.953125, 58.105469, 1010.742188
227.050781, 60.546875, 983.398438
240.234375, 70.800781, 927.734375
201.171875, 71.289062, 1042.968750
278.320312, 112.792969, 1048.828125
362.792969, 174.804688, 829.589844
296.875000, 168.945312, 858.398438
309.570312, 161.132812, 850.097656
234.375000, 147.949219, 797.851562
229.003906, 184.570312, 878.906250
142.578125, 120.605469, 825.683594
105.468750, 105.468750, 863.281250
66.406250, 83.007812, 908.203125
63.964844, 74.707031, 851.074219
192.382812, 155.761719, 894.042969
154.296875, 133.300781, 854.492188
-25.634766, 73.730469, 782.714844
97.656250, 166.992188, 752.929688
1.464844, 125.976562, 755.859375
-111.083984, 66.406250, 881.835938
-2.197266, 124.023438, 904.296875
27.343750, 92.773438, 898.437500
-167.236328, -4.638672, 947.265625
-63.720703, 24.414062, 1019.042969
-146.728516, -7.568359, 985.351562
-129.150391, -15.869141, 1016.601562
-95.947266, -8.544922, 1079.101562
-110.107422, 20.507812, 977.050781
-114.990234, -0.244141, 1024.902344
-94.482422, 48.828125, 959.472656
-115.478516, 20.507812, 1060.546875
-30.029297, -12.939453, 1173.828125
-,-,-
45.898438, -86.181641, 1018.554688
99.609375, -38.818359, 1004.394531
81.054688, -58.837891, 1000.000000
78.125000, -62.744141, 991.210938
144.531250, -17.333984, 1034.179688
88.378906, -58.349609, 1124.023438
99.609375, -50.537109, 1189.453125
130.859375, -57.861328, 1232.421875
-208.740234, -95.458984, 1387.207031
143.554688, 62.011719, 1094.238281
100.585938, 35.156250, 1037.109375
82.519531, -2.197266, 898.925781
208.496094, 95.703125, 952.148438
223.632812, 100.585938, 1068.847656
209.472656, 73.730469, 1019.531250
262.695312, 117.675781, 1043.945312
230.957031, 83.007812, 1000.976562
190.917969, 58.105469, 973.632812
217.285156, 97.656250, 923.828125
203.613281, 88.867188, 883.789062
224.609375, 125.976562, 918.945312
81.054688, 68.359375, 823.242188
197.753906, 160.644531, 822.265625
70.800781, 108.398438, 780.273438
150.878906, 137.207031, 875.000000
186.035156, 163.085938, 833.007812
-18.798828, 83.984375, 844.238281
97.656250, 164.550781, 874.511719
59.570312, 159.179688, 791.992188
-192.138672, 44.433594, 823.242188
70.800781, 198.242188, 890.625000
-130.615234, 67.382812, 811.523438
-67.138672, 75.195312, 954.101562
-22.216797, 75.195312, 927.734375
-86.669922, 16.113281, 979.003906
25.878906, 36.132812, 1021.972656
12.695312, 81.054688, 908.203125
-125.732422, 16.601562, 1013.671875
-140.869141, 23.437500, 1100.585938
-99.365234, 41.015625, 1067.871094
-173.095703, 14.648438, 1065.917969
-148.193359, 28.320312, 1073.242188
-124.755859, 53.710938, 1139.648438
-18.798828, 97.656250, 1093.750000
-,-,-
132.324219, -175.048828, 977.050781
181.640625, -153.076172, 1045.410156
100.097656, -230.712891, 916.992188
104.003906, -170.654297, 1045.410156
104.492188, -207.763672, 957.519531
-109.619141, -316.162109, 1078.125000
52.734375, -226.318359, 1130.371094
99.121094, -186.279297, 1017.578125
17.578125, -197.021484, 1169.921875
106.445312, -172.607422, 1041.992188
133.300781, -208.740234, 1261.718750
109.375000, -83.740234, 942.382812
349.121094, 34.179688, 1111.816406
25.878906, -179.443359, 1028.320312
250.976562, -15.869141, 960.937500
238.281250, -13.916016, 937.988281
130.859375, -86.669922, 949.218750
172.851562, -45.654297, 1002.441406
139.160156, -40.771484, 918.945312
124.023438, -62.255859, 971.679688
173.339844, -29.541016, 963.867188
229.980469, 33.203125, 893.066406
256.347656, 41.015625, 917.968750
269.531250, 53.710938, 828.613281
186.035156, 15.136719, 851.562500
148.925781, -10.498047, 863.281250
174.804688, 33.203125, 867.675781
129.882812, 15.136719, 927.734375
144.531250, 5.859375, 865.234375
33.203125, 0.000000, 864.257812
61.523438, 16.601562, 878.906250
0.488281, 10.742188, 845.214844
44.433594, 66.406250, 864.257812
36.132812, 68.847656, 838.867188
-7.080078, 48.828125, 856.445312
32.714844, 91.796875, 823.242188
-36.376953, 47.851562, 772.460938
-84.716797, -12.939453, 858.398438
-126.708984, -36.865234, 942.382812
-149.169922, -85.693359, 1047.363281
-102.294922, -58.837891, 1014.648438
-52.001953, -37.841797, 1098.632812
-30.517578, -24.169922, 1165.039062
-79.833984, -23.193359, 1082.031250
-68.603516, -13.916016, 1166.015625
-136.474609, -48.583984, 1129.882812
-131.591797, -38.818359, 1119.140625
-61.767578, 11.718750, 1110.839844
-79.345703, 31.250000, 1089.355469
-,-,-
68.359375, -103.759766, 1022.949219
125.000000, -99.853516, 1055.664062
113.769531, -98.388672, 1063.476562
192.871094, -92.041016, 1061.523438
124.511719, -142.333984, 1078.125000
110.839844, -131.591797, 1117.187500
139.648438, -123.779297, 1086.914062
30.761719, -144.287109, 1153.808594
144.531250, -100.830078, 1109.863281
-31.005859, -177.490234, 1245.605469
47.363281, -100.830078, 1052.734375
111.816406, -0.244141, 1048.339844
129.882812, -16.357422, 1037.109375
235.839844, 9.765625, 959.472656
282.226562, 19.531250, 961.914062
260.253906, -5.615234, 959.472656
224.609375, -48.095703, 1027.832031
258.789062, -26.611328, 964.843750
258.789062, -18.310547, 956.054688
267.089844, 0.488281, 950.195312
315.917969, 62.011719, 925.781250
320.800781, 64.453125, 883.789062
298.339844, 64.453125, 838.867188
335.449219, 89.355469, 869.140625
292.480469, 73.242188, 878.906250
289.062500, 78.125000, 907.226562
255.371094, 70.312500, 882.812500
281.250000, 91.796875, 843.750000
250.976562, 113.281250, 894.042969
174.804688, 92.773438, 826.171875
150.390625, 112.304688, 843.750000
150.878906, 134.765625, 818.359375
56.152344, 131.835938, 794.921875
35.644531, 126.953125, 850.097656
49.316406, 149.902344, 727.539062
-16.357422, 120.117188, 792.968750
-83.740234, 58.105469, 919.921875
-30.029297, 21.484375, 870.605469
-101.806641, 36.132812, 904.296875
-113.525391, 21.484375, 855.468750
66.406250, 67.382812, 1034.179688
39.550781, 35.156250, 1055.664062
68.847656, 25.390625, 1065.429688
82.519531, 19.042969, 1067.871094
-75.927734, -19.287109, 1187.500000
-50.048828, -8.544922, 1161.132812
-30.517578, 44.433594, 1125.976562
-39.306641, 2.929688, 1124.023438
-45.166016, -11.474609, 1112.792969
29.296875, 27.832031, 1091.308594
-,-,-
178.222656, -53.466797, 987.304688
173.828125, -67.138672, 1008.789062
206.054688, -67.138672, 994.140625
173.828125, -70.556641, 1081.054688
192.382812, -93.505859, 1045.410156
108.886719, -122.802734, 1085.937500
115.722656, -100.830078, 1106.445312
167.968750, -76.904297, 1063.476562
197.265625, -60.302734, 1100.585938
282.226562, -13.916016, 1116.210938
-320.068359, -196.533203, 1429.687500
270.507812, 52.734375, 948.242188
173.339844, -1.220703, 1111.816406
92.773438, -58.837891, 1098.632812
208.496094, 3.906250, 1045.410156
324.707031, 57.128906, 976.074219
288.085938, 40.039062, 1013.671875
294.433594, 27.343750, 1014.648438
312.011719, 72.265625, 969.726562
332.031250, 77.148438, 914.550781
328.125000, 97.656250, 882.812500
314.453125, 96.679688, 858.398438
270.507812, 66.406250, 791.992188
305.664062, 112.304688, 834.960938
312.500000, 109.375000, 804.199219
261.230469, 84.960938, 840.820312
272.949219, 100.585938, 816.406250
307.617188, 132.324219, 779.785156
186.035156, 81.054688, 882.812500
90.820312, 23.437500, 809.570312
207.031250, 148.925781, 906.250000
155.273438, 128.906250, 862.304688
34.179688, 63.476562, 882.812500
104.980469, 123.535156, 945.312500
48.828125, 81.054688, 810.546875
-57.861328, 49.804688, 917.968750
-63.720703, 33.203125, 913.574219
-94.482422, -1.708984, 930.664062
-67.138672, 3.906250, 967.773438
-86.669922, -1.220703, 914.550781
4.394531, 3.906250, 982.910156
94.238281, 23.437500, 1057.617188
60.058594, 22.460938, 1014.648438
81.054688, 37.109375, 982.910156
0.488281, 10.742188, 960.449219
-153.564453, -49.560547, 1022.460938
-153.564453, -88.623047, 1090.332031
-54.443359, -51.513672, 1227.539062
32.226562, -35.888672, 1181.640625
165.527344, 15.136719, 1164.062500
171.386719, 2.441406, 1083.007812
-,-,-
134.765625, -43.212891, 1000.000000
-10.986328, -121.826172, 1065.917969
31.738281, -127.685547, 1079.101562
57.617188, -111.083984, 1108.886719
121.582031, -79.833984, 1122.070312
143.066406, -69.580078, 1061.523438
125.488281, -71.533203, 1026.855469
105.957031, -22.216797, 1217.285156
164.550781, -5.615234, 1025.878906
263.671875, 11.718750, 1056.640625
209.472656, -1.708984, 1116.210938
215.332031, 6.835938, 1080.078125
299.316406, 95.703125, 1015.625000
333.984375, 104.980469, 1012.695312
277.343750, 43.945312, 1057.617188
314.453125, 60.546875, 1000.000000
278.320312, 37.109375, 979.980469
278.320312, 67.382812, 944.335938
275.390625, 84.960938, 905.273438
277.343750, 97.656250, 854.492188
226.562500, 96.679688, 825.195312
219.726562, 89.355469, 869.628906
247.558594, 117.675781, 840.820312
217.285156, 102.050781, 850.585938
200.195312, 93.750000, 865.234375
175.292969, 85.937500, 808.593750
156.250000, 104.003906, 828.613281
185.058594, 134.765625, 678.710938
103.515625, 135.253906, 715.820312
36.132812, 120.117188, 775.390625
23.925781, 74.218750, 765.136719
-10.498047, 77.148438, 870.117188
-33.935547, 33.203125, 952.636719
-70.556641, 14.160156, 990.234375
-123.291016, 8.789062, 1064.453125
-86.669922, 21.484375, 955.078125
-65.673828, 47.851562, 923.828125
-235.107422, -14.404297, 973.632812
-247.802734, -86.181641, 920.898438
-67.138672, -28.076172, 1019.531250
70.800781, 27.343750, 1099.609375
97.167969, 14.648438, 1017.578125
107.910156, 27.343750, 1225.585938
71.777344, -31.494141, 1225.585938
47.851562, -64.208984, 1259.765625
-,-,-
56.152344, -17.822266, 942.382812
30.761719, -14.892578, 1004.882812
21.484375, -63.232422, 996.093750
2.929688, -61.279297, 1003.417969
31.738281, -48.095703, 984.375000
19.042969, -64.208984, 1030.761719
4.882812, -96.923828, 1008.789062
113.769531, -44.189453, 1042.480469
147.949219, -72.509766, 1040.527344
139.160156, -82.275391, 1087.890625
279.296875, -40.771484, 1112.792969
271.972656, -40.771484, 1140.625000
-280.029297, -162.353516, 1320.312500
300.292969, -15.869141, 1036.132812
164.062500, -29.541016, 1158.691406
95.214844, -55.419922, 1118.164062
291.992188, 61.035156, 998.046875
272.949219, 52.734375, 992.187500
161.132812, 2.929688, 994.140625
295.898438, 106.445312, 937.011719
301.757812, 118.652344, 828.613281
175.292969, 74.707031, 852.539062
267.089844, 150.390625, 852.539062
254.394531, 132.324219, 775.390625
136.718750, 96.679688, 829.589844
168.945312, 121.093750, 815.429688
72.265625, 65.429688, 728.515625
106.933594, 135.253906, 818.359375
35.644531, 78.125000, 828.613281
46.386719, 77.148438, 852.539062
20.996094, 36.132812, 876.953125
-32.958984, 63.476562, 875.976562
-66.650391, 73.242188, 791.992188
-66.162109, 94.726562, 789.062500
-28.076172, 99.609375, 857.421875
2.441406, 52.734375, 931.640625
94.238281, 128.906250, 970.703125
-17.333984, 55.664062, 1032.226562
-229.736328, -63.232422, 1148.437500
-100.830078, 9.765625, 988.281250
-76.904297, -0.244141, 1124.023438
-111.083984, 6.835938, 1042.968750
-14.892578, 41.015625, 994.140625
16.601562, 35.156250, 1129.882812
-54.443359, -85.693359, 1080.078125
-2.685547, -58.349609, 1145.507812
31.250000, -176.025391, 1176.269531
134.765625, -116.455078, 1389.648438
30.273438, -152.099609, 1195.800781
69.335938, -53.466797, 964.843750
129.882812, 11.718750, 887.207031
53.222656, 3.906250, 896.484375
-,-,-
128.417969, -152.099609, 1002.441406
67.382812, -125.732422, 1043.457031
96.191406, -150.146484, 1051.757812
-30.517578, -165.771484, 1096.679688
124.023438, -93.505859, 1135.742188
79.101562, -60.302734, 1135.253906
104.492188, -62.255859, 1097.656250
100.097656, -62.255859, 1018.554688
91.796875, -26.123047, 1153.808594
-114.501953, -179.443359, 1184.570312
216.796875, 95.703125, 984.863281
-14.404297, -8.544922, 1043.945312
75.195312, 15.136719, 1034.179688
278.808594, 133.300781, 961.425781
217.773438, 83.007812, 947.265625
183.593750, 36.132812, 992.187500
327.636719, 123.046875, 941.406250
232.421875, 93.261719, 944.335938
225.097656, 83.007812, 928.710938
333.007812, 127.929688, 875.976562
269.042969, 124.023438, 825.195312
234.375000, 105.468750, 885.742188
287.597656, 150.390625, 875.000000
208.496094, 100.097656, 809.570312
163.574219, 113.281250, 907.714844
217.773438, 143.554688, 887.695312
130.859375, 105.468750, 842.773438
134.277344, 159.667969, 926.757812
78.125000, 145.996094, 821.289062
-40.771484, 120.605469, 866.210938
55.664062, 148.925781, 791.992188
47.851562, 157.226562, 854.492188
-29.052734, 89.843750, 932.617188
-1.220703, 91.796875, 945.312500
36.621094, 85.937500, 925.781250
-45.654297, 26.367188, 927.734375
-90.576172, 52.734375, 934.570312
-145.751953, 25.878906, 924.804688
-126.220703, -11.474609, 947.265625
-41.748047, 54.687500, 1025.878906
-115.478516, 62.500000, 984.375000
-41.748047, -0.244141, 1020.019531
-27.587891, 60.546875, 1099.609375
-72.998047, -1.708984, 1147.460938
14.160156, 11.718750, 1213.867188
43.945312, 0.488281, 1176.269531
88.378906, -23.193359, 1190.429688
-,-,-
138.183594, -57.373047, 936.035156
151.855469, -9.521484, 966.796875
103.515625, -53.466797, 1005.859375
71.289062, -65.185547, 1043.945312
131.347656, -48.583984, 1068.847656
28.320312, -114.501953, 1088.378906
24.902344, -77.880859, 1097.656250
143.554688, 0.488281, 1114.257812
122.558594, -27.099609, 1055.664062
137.207031, -13.427734, 1061.523438
83.496094, 8.789062, 934.082031
233.886719, 72.265625, 916.503906
78.125000, -1.220703, 1054.687500
147.460938, 41.992188, 1031.738281
324.707031, 125.976562, 1015.625000
258.789062, 91.796875, 986.816406
226.562500, 53.710938, 971.679688
291.503906, 104.980469, 966.796875
239.257812, 70.800781, 964.843750
258.789062, 63.476562, 998.535156
317.871094, 90.332031, 967.773438
343.261719, 116.699219, 932.617188
353.027344, 128.417969, 926.757812
358.886719, 132.324219, 867.187500
358.398438, 160.644531, 851.562500
323.242188, 145.507812, 857.421875
305.175781, 142.089844, 848.144531
315.429688, 145.507812, 868.164062
243.652344, 96.679688, 862.304688
191.406250, 87.402344, 880.859375
211.425781, 118.164062, 882.812500
190.429688, 103.027344, 832.031250
139.160156, 109.375000, 853.515625
203.613281, 169.921875, 858.398438
130.859375, 121.093750, 785.644531
98.632812, 127.929688, 795.898438
161.132812, 192.382812, 814.453125
-8.056641, 83.007812, 817.382812
57.128906, 89.355469, 970.703125
43.945312, 59.082031, 919.921875
-23.193359, 35.644531, 1024.902344
-45.654297, 16.113281, 1079.101562
20.019531, 54.687500, 1079.101562
-57.861328, 85.937500, 991.210938
-55.419922, 94.726562, 970.703125
-40.283203, 89.843750, 991.210938
1.464844, 88.378906, 1012.695312
-9.521484, 81.054688, 1118.164062
48.828125, 58.105469, 1155.761719
142.578125, 104.003906, 1107.421875
131.347656, 41.992188, 1138.671875
-,-,-
81.542969, -56.884766, 1027.832031
91.796875, -70.556641, 991.210938
151.367188, -52.490234, 999.511719
164.062500, -31.982422, 1080.078125
128.417969, -56.396484, 1109.863281
107.910156, -70.068359, 1106.445312
-165.283203, -21.240234, 1281.738281
88.378906, -59.814453, 1015.625000
143.554688, 20.507812, 1000.488281
87.890625, 14.160156, 1101.562500
207.519531, 73.242188, 1064.453125
302.734375, 99.121094, 1006.835938
261.230469, 87.890625, 1101.562500
309.570312, 96.679688, 1066.894531
390.625000, 124.023438, 1001.464844
290.039062, 70.800781, 985.351562
303.222656, 85.937500, 952.148438
338.867188, 140.625000, 910.156250
294.433594, 119.628906, 865.234375
281.250000, 147.949219, 871.582031
307.617188, 161.621094, 810.058594
275.390625, 178.222656, 808.105469
273.925781, 185.546875, 803.222656
311.035156, 207.031250, 778.320312
178.222656, 133.300781, 775.390625
203.613281, 177.734375, 838.867188
91.796875, 115.722656, 774.414062
83.984375, 104.980469, 919.921875
145.507812, 205.566406, 845.703125
14.648438, 181.152344, 763.183594
-32.470703, 172.363281, 802.246094
12.207031, 190.917969, 823.242188
28.320312, 156.250000, 950.195312
-71.533203, 87.402344, 976.074219
-8.544922, 130.859375, 922.851562
-86.669922, 62.500000, 891.601562
-77.392578, 44.433594, 923.828125
49.316406, 81.054688, 1018.554688
58.105469, 27.832031, 953.125000
141.113281, 73.242188, 997.070312
166.992188, 62.500000, 1026.855469
94.238281, 5.859375, 1192.382812
99.121094, -20.263672, 1327.148438
99.609375, -27.587891, 1326.660156
-,-,-
68.847656, -25.634766, 983.886719
98.632812, -13.916016, 990.234375
69.335938, -55.419922, 1007.812500
144.042969, -14.892578, 1078.125000
208.496094, -159.423828, 887.695312
135.742188, -66.162109, 1144.531250
221.679688, -48.095703, 1069.824219
159.667969, 14.160156, 1210.937500
243.164062, 100.097656, 1011.718750
390.136719, 121.093750, 1060.546875
191.894531, 1.953125, 1076.660156
307.128906, 41.992188, 966.796875
379.882812, 105.468750, 946.289062
430.664062, 85.449219, 901.367188
411.132812, 78.125000, 969.726562
455.566406, 115.234375, 932.617188
344.726562, 56.152344, 828.613281
270.996094, 48.828125, 965.332031
310.058594, 110.351562, 867.187500
263.671875, 121.093750, 883.789062
210.449219, 136.718750, 875.976562
249.511719, 170.898438, 837.890625
278.808594, 182.617188, 818.359375
194.335938, 133.300781, 851.074219
193.359375, 121.093750, 867.675781
172.363281, 133.300781, 816.406250
37.597656, 55.175781, 894.042969
60.058594, 112.304688, 827.636719
135.253906, 184.570312, 879.882812
-57.861328, 93.750000, 786.132812
-4.638672, 136.230469, 887.695312
125.976562, 181.640625, 885.742188
-136.962891, 44.433594, 833.007812
-120.361328, 81.054688, 864.257812
-108.154297, 50.781250, 870.605469
-151.611328, 27.343750, 871.582031
-65.185547, 17.578125, 961.425781
62.988281, 68.359375, 1076.171875
58.593750, 47.363281, 1009.765625
147.949219, 97.656250, 1160.156250
119.628906, 117.675781, 1223.632812
120.605469, 88.378906, 1257.812500
-,-,-
109.375000, -14.892578, 983.398438
121.093750, -5.615234, 1053.710938
76.660156, -84.716797, 956.542969
68.847656, -81.787109, 1009.765625
169.921875, -76.904297, 1083.007812
202.636719, -89.111328, 1056.640625
212.890625, -74.951172, 1171.875000
258.789062, -103.759766, 1144.531250
179.199219, -140.380859, 1068.847656
225.585938, -64.208984, 1109.863281
249.511719, -32.470703, 1062.988281
-248.291016, -121.337891, 1717.773438
197.753906, 49.804688, 1005.859375
58.105469, -10.498047, 1063.476562
174.804688, 69.335938, 1049.804688
202.148438, 74.707031, 954.101562
208.007812, 88.378906, 1034.179688
199.218750, 75.195312, 1005.859375
233.398438, 94.726562, 969.726562
188.476562, 82.031250, 967.773438
170.898438, 79.101562, 942.871094
202.636719, 106.445312, 947.265625
241.699219, 135.253906, 927.734375
192.382812, 116.699219, 922.851562
229.003906, 156.250000, 908.203125
222.167969, 160.156250, 833.496094
143.066406, 124.023438, 866.210938
232.421875, 166.992188, 846.679688
156.250000, 140.625000, 845.214844
79.589844, 126.953125, 866.210938
126.464844, 154.296875, 773.437500
102.050781, 187.988281, 843.750000
-12.451172, 154.296875, 808.593750
39.550781, 222.656250, 739.257812
57.128906, 219.238281, 730.468750
-42.724609, 115.722656, 785.644531
-69.580078, 99.609375, 968.750000
81.054688, 102.050781, 959.472656
-30.517578, 62.500000, 1006.835938
-137.451172, 23.437500, 962.402344
-83.251953, 21.484375, 1062.988281
-29.541016, 63.964844, 1083.984375
-49.560547, 96.679688, 1075.195312
-89.111328, 95.703125, 1069.335938
-2.685547, 128.417969, 1034.179688
86.425781, 97.656250, 1028.320312
105.957031, 94.726562, 1084.960938
-,-,-
22.460938, -15.380859, 992.187500
84.960938, -60.302734, 968.750000
71.777344, -17.822266, 1014.648438
140.625000, 0.488281, 1083.007812
107.910156, -40.771484, 1077.148438
79.101562, -56.884766, 1103.515625
22.949219, -87.158203, 1198.730469
49.316406, -84.228516, 1075.195312
60.546875, -91.552734, 1108.398438
161.132812, -17.333984, 1094.238281
205.078125, 11.718750, 1052.734375
202.148438, -66.162109, 1077.148438
231.445312, 152.832031, 811.523438
298.828125, 145.996094, 1140.625000
-6.103516, -29.541016, 1090.332031
161.132812, 66.406250, 1025.878906
255.371094, 143.554688, 965.820312
149.414062, 74.707031, 997.070312
140.625000, 60.058594, 993.652344
255.371094, 101.074219, 943.359375
140.136719, 50.781250, 937.011719
169.433594, 88.867188, 931.640625
265.136719, 161.132812, 904.296875
264.648438, 159.179688, 858.398438
260.253906, 161.621094, 867.187500
284.179688, 169.921875, 855.468750
226.074219, 138.671875, 874.023438
227.539062, 139.648438, 855.468750
195.800781, 114.746094, 878.906250
162.597656, 104.492188, 911.132812
132.324219, 70.800781, 871.582031
132.812500, 110.351562, 916.503906
131.835938, 128.417969, 893.066406
107.910156, 137.695312, 850.097656
158.203125, 195.312500, 846.191406
69.824219, 145.019531, 820.312500
-18.310547, 112.304688, 784.667969
45.898438, 161.132812, 782.714844
-34.912109, 63.476562, 850.585938
-99.365234, 0.488281, 808.105469
-16.357422, 83.007812, 885.742188
-100.341797, 9.765625, 938.476562
-39.306641, 1.464844, 1081.054688
41.015625, 42.480469, 1081.054688
-10.498047, 36.132812, 1113.281250
-121.337891, 18.066406, 1056.640625
-171.142578, -1.220703, 974.121094
-68.603516, -41.259766, 1007.812500
-27.099609, -72.509766, 1154.296875
32.226562, -66.162109, 1143.554688
439.941406, -96.923828, 1604.492188
204.101562, -47.119141, 1276.367188
278.808594, -71.533203, 1261.230469
