-,-,-
62.500000, 17.578125, 1019.531250
62.011719, 4.882812, 1012.695312
67.382812, -0.244141, 1031.738281
63.476562, 26.367188, 1059.570312
74.218750, 62.500000, 1145.507812
116.699219, 19.531250, 1184.570312
134.765625, 48.339844, 1222.167969
178.710938, 21.484375, 1217.773438
209.472656, 34.179688, 1137.695312
246.582031, 58.105469, 1015.625000
222.656250, 24.414062, 930.664062
206.054688, 41.992188, 855.468750
236.816406, 31.738281, 870.605469
172.363281, -3.662109, 770.507812
127.929688, -12.939453, 771.484375
42.968750, -63.232422, 747.070312
20.507812, -35.888672, 667.968750
-79.833984, -75.927734, 646.484375
-101.806641, -78.369141, 639.648438
-76.416016, -37.841797, 696.777344
-102.783203, -92.529297, 821.289062
-111.083984, -87.158203, 850.097656
-81.787109, -121.826172, 942.382812
-112.060547, -197.021484, 1095.214844
-90.087891, -231.201172, 1156.738281
-98.388672, -243.896484, 1237.304688
-79.833984, -245.849609, 1260.253906
-31.982422, -195.068359, 1291.015625
47.851562, -165.771484, 1215.820312
73.242188, -145.751953, 1148.437500
61.035156, -94.482422, 1105.468750
80.078125, -60.791016, 1046.386719
65.429688, -69.091797, 1056.640625
13.671875, -40.771484, 1171.875000
0.000000, -79.833984, 1167.968750
-20.751953, -93.505859, 1229.492188
-23.193359, -97.412109, 1202.636719
-56.396484, -117.431641, 1125.000000
-30.029297, -120.849609, 970.703125
-74.951172, -90.576172, 918.945312
-57.861328, -99.853516, 917.968750
-26.611328, -92.529297, 861.328125
-10.498047, -105.712891, 834.960938
20.019531, -79.833984, 858.398438
-,-,-
-82.275391, -107.177734, 1119.140625
-93.994141, -131.103516, 1086.914062
-59.326172, -74.951172, 1075.195312
-47.607422, -59.814453, 1143.554688
-69.580078, -55.419922, 1208.984375
-52.001953, -44.189453, 1220.214844
-21.240234, -74.951172, 1224.609375
0.488281, -68.115234, 1123.046875
13.183594, -51.513672, 1020.507812
84.472656, -3.173828, 985.351562
86.425781, -13.427734, 935.058594
114.746094, 0.488281, 898.437500
148.437500, 3.906250, 801.269531
184.082031, 16.601562, 796.875000
142.578125, 2.441406, 740.722656
98.632812, -27.099609, 707.031250
84.960938, -45.166016, 702.148438
-21.240234, -75.927734, 717.285156
-123.291016, -74.951172, 752.929688
-192.138672, -91.552734, 737.792969
-213.134766, -82.763672, 754.882812
-221.435547, -59.814453, 784.667969
-195.068359, -51.513672, 832.031250
-195.068359, -77.880859, 933.593750
-152.587891, -89.599609, 961.914062
-161.376953, -142.333984, 946.289062
-188.232422, -186.279297, 979.980469
-185.791016, -196.044922, 1150.878906
-199.462891, -201.416016, 1234.375000
-212.646484, -158.447266, 1300.781250
-191.162109, -120.361328, 1247.558594
-81.298828, -62.255859, 1189.453125
-53.466797, -81.787109, 1140.625000
1.953125, -33.935547, 1163.085938
25.390625, -2.685547, 1141.601562
26.367188, 4.882812, 1055.664062
12.207031, 36.132812, 1121.093750
-25.634766, 20.507812, 1111.816406
-79.345703, 68.359375, 1152.343750
-114.990234, 31.250000, 1121.093750
-156.982422, -73.486328, 1172.851562
-223.876953, -99.853516, 1109.375000
-279.052734, -136.474609, 1108.398438
-264.404297, -130.126953, 1028.320312
-275.146484, -110.107422, 960.449219
-233.642578, -78.857422, 890.136719
-124.755859, -129.150391, 721.679688
-,-,-
-210.205078, -70.068359, 1153.808594
-179.931641, -23.193359, 1148.437500
-173.095703, -66.162109, 1120.117188
-199.462891, -18.310547, 1161.132812
-108.642578, 32.714844, 1122.070312
-95.947266, 40.527344, 1121.093750
-4.638672, 10.742188, 1047.851562
88.378906, 33.203125, 1005.859375
111.816406, -3.662109, 943.359375
160.644531, -62.255859, 842.773438
186.035156, -35.888672, 795.898438
158.691406, -61.279297, 763.183594
163.085938, -64.208984, 712.890625
96.679688, -71.044922, 693.359375
46.386719, -22.216797, 743.164062
-81.298828, -26.123047, 721.679688
-138.427734, -3.662109, 757.812500
-180.908203, -0.244141, 764.160156
-204.833984, 13.671875, 818.359375
-221.435547, 8.789062, 842.773438
-245.849609, -12.939453, 867.675781
-200.927734, -46.142578, 921.875000
-199.951172, -48.583984, 966.796875
-168.701172, -82.763672, 1049.316406
-174.560547, -84.716797, 1004.882812
-175.537109, -187.744141, 1093.750000
-165.283203, -201.904297, 1170.898438
-142.333984, -187.255859, 1186.523438
-113.037109, -192.138672, 1193.847656
-44.677734, -159.423828, 1183.593750
14.648438, -122.802734, 1100.585938
10.253906, -53.466797, 1120.117188
-30.517578, 25.878906, 1108.398438
-90.087891, 78.125000, 1145.507812
-55.419922, 124.023438, 1107.910156
-99.853516, 61.523438, 1048.339844
-179.931641, 23.437500, 1081.054688
-202.392578, -17.333984, 1090.332031
-137.451172, -72.021484, 1072.753906
-155.029297, -126.708984, 1009.765625
-156.005859, -85.693359, 976.562500
-230.224609, -101.806641, 1047.363281
-259.521484, -116.943359, 1050.781250
-219.482422, -57.373047, 1139.160156
-182.373047, -84.716797, 1083.007812
-130.615234, -56.884766, 1060.546875
-93.994141, -66.162109, 963.378906
-61.767578, -42.724609, 952.148438
-,-,-
-7.568359, -111.083984, 972.656250
-79.345703, -22.216797, 1066.894531
-93.505859, -46.630859, 1205.566406
23.925781, -26.123047, 1351.074219
-70.556641, 12.695312, 1443.847656
-100.341797, -46.142578, 1463.867188
-16.357422, -66.162109, 1479.003906
103.515625, -114.501953, 1212.890625
130.859375, -68.115234, 928.710938
235.839844, -61.767578, 750.000000
278.320312, -55.908203, 663.085938
277.343750, -70.068359, 647.460938
245.605469, -130.126953, 620.117188
163.574219, -135.986328, 692.382812
84.472656, -88.134766, 692.382812
-29.541016, -52.978516, 734.375000
-156.982422, -30.517578, 822.265625
-216.064453, -43.212891, 795.898438
-340.576172, -23.193359, 759.765625
-308.837891, -9.521484, 753.906250
-297.607422, -49.560547, 735.351562
-205.810547, -24.169922, 858.398438
-207.763672, -25.146484, 884.765625
-218.017578, 4.882812, 936.035156
-281.005859, -55.908203, 964.843750
-179.931641, -111.083984, 1064.941406
-148.681641, -139.404297, 1089.355469
-101.806641, -168.701172, 1230.468750
-88.134766, -175.048828, 1264.160156
-95.947266, -127.685547, 1269.531250
-50.537109, -111.083984, 1266.113281
-82.275391, -85.205078, 1185.546875
-113.037109, -30.029297, 1156.738281
-224.365234, -166.748047, 963.378906
-19.775391, 7.812500, 1066.894531
29.785156, 60.058594, 1045.410156
0.976562, 90.332031, 1001.464844
-63.720703, 47.851562, 1122.070312
-125.732422, 0.488281, 1200.683594
-147.705078, -1.708984, 1264.160156
-120.361328, 42.480469, 1213.867188
-126.708984, 11.230469, 1029.296875
-152.099609, 23.437500, 991.210938
-121.337891, 69.824219, 989.257812
-170.654297, 24.902344, 970.703125
-139.892578, -20.263672, 1084.960938
-139.892578, 0.488281, 1028.808594
-104.736328, -84.716797, 824.218750
-39.306641, -31.494141, 762.207031
-,-,-
-8.056641, -154.052734, 1223.144531
-37.353516, -103.271484, 1258.300781
-94.970703, -111.083984, 1255.859375
-65.185547, -98.876953, 1291.992188
-80.322266, -55.908203, 1277.343750
-32.470703, -56.884766, 1271.484375
-0.244141, -53.955078, 1160.156250
47.851562, -53.466797, 965.332031
115.722656, -24.169922, 953.125000
118.652344, -80.810547, 843.750000
116.210938, -70.068359, 818.359375
125.000000, -83.740234, 763.183594
36.132812, -122.802734, 712.890625
17.578125, -82.763672, 707.031250
-70.556641, -72.021484, 647.460938
-184.814453, -25.634766, 650.878906
-234.619141, 18.554688, 642.578125
-240.966797, -7.568359, 610.839844
-175.537109, 30.761719, 628.906250
-200.927734, 8.789062, 767.089844
-183.837891, 8.789062, 781.738281
-119.384766, 11.718750, 1002.441406
-153.564453, -62.255859, 1162.109375
-131.591797, 2.929688, 1275.390625
-52.978516, -98.876953, 1211.914062
-0.244141, -79.345703, 1304.199219
-4.638672, -70.068359, 1173.828125
-55.419922, -94.482422, 1235.351562
-64.208984, -76.904297, 1227.539062
-53.466797, -45.166016, 1112.792969
-107.177734, -9.521484, 1053.710938
-87.158203, -57.861328, 958.496094
-76.416016, -134.521484, 1052.734375
-31.005859, -115.966797, 1104.003906
-96.923828, -156.982422, 1079.101562
-105.224609, -106.201172, 1178.222656
-147.705078, -40.771484, 1219.726562
-174.560547, -69.091797, 1126.953125
-206.787109, -49.560547, 1180.664062
-216.064453, -49.560547, 1132.324219
-249.267578, -71.044922, 1099.609375
-228.271484, -61.767578, 1006.835938
-198.974609, -57.373047, 944.335938
-174.072266, -40.771484, 888.671875
-174.560547, -41.259766, 905.273438
-151.123047, -56.884766, 812.500000
-104.248047, -57.373047, 791.015625
-,-,-
61.035156, -102.783203, 988.281250
35.156250, -110.107422, 1059.570312
-6.103516, -137.451172, 1114.746094
-19.775391, -136.474609, 1217.773438
13.183594, -112.060547, 1286.621094
59.570312, -166.748047, 1328.613281
86.914062, -135.498047, 1294.921875
132.324219, -124.755859, 1170.898438
132.324219, -118.408203, 1078.125000
142.578125, -98.876953, 945.312500
162.109375, -95.458984, 893.066406
119.140625, -113.037109, 771.484375
165.527344, -98.876953, 730.468750
85.937500, -110.107422, 614.257812
0.000000, -73.486328, 583.984375
-89.111328, -28.564453, 596.679688
-192.138672, -22.216797, 615.234375
-184.814453, -6.591797, 667.968750
-116.943359, -21.240234, 698.730469
-173.583984, -3.662109, 770.507812
-124.755859, 31.738281, 844.726562
-123.779297, 6.835938, 920.898438
-90.576172, 56.640625, 1070.312500
-39.306641, -23.193359, 1126.464844
20.507812, -90.576172, 1214.843750
29.785156, -142.822266, 1198.730469
28.320312, -137.451172, 1254.882812
12.207031, -77.880859, 1219.238281
41.015625, -83.740234, 1192.382812
12.207031, -70.556641, 1097.656250
-18.310547, -80.810547, 1055.664062
-8.544922, -50.537109, 1058.593750
-64.697266, 0.488281, 1183.593750
-63.720703, 9.765625, 1173.828125
-69.091797, 20.507812, 1151.367188
-110.107422, -50.537109, 1179.199219
-143.310547, -75.927734, 1249.023438
-128.173828, -108.154297, 1323.242188
-113.525391, -186.767578, 1255.859375
-133.056641, -75.439453, 1121.093750
-129.150391, -86.669922, 1024.902344
-79.833984, -71.044922, 942.382812
-25.634766, -59.814453, 950.195312
11.230469, -50.537109, 926.757812
28.320312, -36.865234, 845.703125
53.710938, 5.371094, 855.468750
74.218750, -10.986328, 742.187500
47.363281, -32.958984, 727.539062
0.488281, -34.912109, 730.468750
-,-,-
-19.775391, -121.826172, 981.933594
-36.376953, -112.060547, 1078.125000
-58.349609, -108.154297, 1103.515625
-43.701172, -73.486328, 1225.097656
-50.537109, -71.533203, 1301.757812
-59.326172, -75.927734, 1441.406250
-21.240234, -67.138672, 1404.296875
25.390625, -90.576172, 1272.460938
52.734375, -68.115234, 1112.792969
86.914062, -44.189453, 954.101562
134.277344, -81.787109, 834.960938
200.195312, -80.810547, 819.335938
193.359375, -82.763672, 738.769531
242.187500, -73.974609, 727.539062
195.312500, -31.005859, 694.335938
175.781250, -31.005859, 700.683594
30.761719, -68.603516, 697.753906
-50.537109, -50.537109, 680.664062
-152.587891, -60.302734, 639.648438
-192.626953, -13.916016, 633.300781
-160.400391, 9.765625, 703.125000
-190.673828, 8.789062, 783.691406
-213.623047, 30.761719, 844.238281
-196.044922, -31.982422, 938.476562
-184.814453, -19.287109, 1040.039062
-197.998047, -50.537109, 1074.218750
-93.994141, -100.830078, 1107.421875
-140.869141, -97.412109, 1201.660156
-128.662109, -123.779297, 1165.039062
-143.310547, -67.138672, 1260.742188
-47.119141, -83.740234, 1132.324219
23.437500, -53.466797, 1082.519531
19.531250, -59.326172, 1063.476562
17.578125, 5.371094, 1285.644531
-112.060547, -9.033203, 1438.964844
26.367188, -53.955078, 1225.585938
-19.775391, -5.615234, 1254.882812
-16.845703, 45.898438, 1251.464844
-28.564453, -16.357422, 1145.507812
-69.580078, -75.927734, 1227.539062
-127.685547, -80.810547, 1150.390625
-170.166016, -118.896484, 1030.273438
-186.279297, -95.458984, 979.980469
-144.775391, -108.154297, 889.648438
-117.919922, -91.552734, 885.742188
-98.388672, -87.158203, 826.660156
-123.779297, -111.083984, 765.136719
-89.111328, -114.501953, 808.593750
-97.412109, -134.521484, 838.867188
-,-,-
38.574219, -159.912109, 861.328125
-24.169922, -130.126953, 955.566406
-57.373047, -138.427734, 1060.546875
-83.740234, -192.138672, 1343.750000
-80.810547, -209.716797, 1490.234375
-93.505859, -150.146484, 1367.187500
-64.697266, -90.576172, 1332.519531
-43.701172, -87.646484, 1307.128906
-25.146484, -127.685547, 1193.359375
40.039062, -118.896484, 1123.046875
95.214844, -143.798828, 1046.386719
178.222656, -155.029297, 946.289062
214.843750, -117.431641, 829.589844
185.058594, -89.599609, 716.308594
215.332031, -82.763672, 709.960938
185.546875, -50.537109, 674.316406
102.539062, -64.208984, 675.292969
39.550781, -52.490234, 656.738281
-35.888672, -13.427734, 642.578125
-94.482422, -22.216797, 647.460938
-152.587891, 30.761719, 599.609375
-175.048828, 54.687500, 604.492188
-206.787109, 39.062500, 682.617188
-178.955078, 16.113281, 796.875000
-107.666016, -37.841797, 939.941406
-139.892578, -55.419922, 1132.324219
-135.986328, -88.623047, 1245.117188
-124.755859, -77.880859, 1291.992188
-148.193359, -70.068359, 1343.750000
-73.974609, -87.158203, 1191.406250
-164.794922, -116.455078, 1271.484375
-164.306641, -111.083984, 1135.253906
-176.513672, -92.529297, 1263.183594
-190.673828, -57.861328, 1223.632812
-163.818359, -2.197266, 1198.730469
-129.638672, -20.263672, 1276.367188
-107.666016, -92.529297, 1243.652344
-151.123047, -102.294922, 1162.109375
-72.021484, -131.103516, 1045.410156
-124.755859, -138.427734, 1041.015625
-93.505859, -183.349609, 935.546875
-92.529297, -138.427734, 891.113281
-99.365234, -69.091797, 845.703125
-93.505859, -18.310547, 785.644531
-,-,-
83.984375, -197.021484, 945.312500
65.429688, -174.560547, 992.187500
19.042969, -138.427734, 1004.882812
-44.189453, -88.134766, 1142.578125
-103.759766, -84.716797, 1288.574219
-121.337891, -103.271484, 1452.148438
-87.646484, -66.650391, 1367.187500
-34.912109, -56.884766, 1276.367188
10.253906, -62.255859, 1048.828125
44.921875, -46.630859, 900.390625
120.605469, -64.208984, 856.445312
195.800781, -53.466797, 801.269531
181.640625, -93.505859, 731.445312
166.992188, -99.853516, 682.617188
119.628906, -116.455078, 668.945312
-15.869141, -80.810547, 646.484375
-74.951172, -0.732422, 655.761719
-157.958984, -37.841797, 681.640625
-211.181641, 13.183594, 665.039062
-186.767578, -19.287109, 668.457031
-202.880859, 10.742188, 751.953125
-236.083984, -43.701172, 871.582031
-263.427734, -32.958984, 966.796875
-266.357422, -43.701172, 1108.398438
-234.130859, -68.115234, 1200.195312
-226.318359, -82.763672, 1179.687500
-209.716797, -153.076172, 1260.742188
-175.537109, -91.552734, 1245.117188
-117.919922, -77.880859, 1140.625000
-145.751953, -97.900391, 1061.523438
-437.744141, -85.205078, 1348.144531
-331.787109, -38.330078, 1181.640625
-274.658203, 89.355469, 1162.109375
-228.759766, 85.937500, 1176.269531
-296.630859, 14.160156, 1116.699219
-243.408203, -33.935547, 1220.214844
-243.408203, -0.244141, 1302.246094
-274.169922, -52.490234, 1103.515625
-212.158203, -55.419922, 999.023438
-154.052734, -55.419922, 956.054688
-167.236328, -55.419922, 872.558594
-151.611328, -114.013672, 821.289062
-145.263672, -109.130859, 831.542969
-,-,-
13.671875, -181.396484, 851.562500
-60.302734, -100.830078, 876.953125
-96.435547, -89.599609, 985.351562
-154.541016, -15.869141, 1154.785156
-210.205078, -47.119141, 1304.199219
-192.138672, -74.951172, 1399.414062
-150.146484, -98.388672, 1388.183594
-55.419922, -93.505859, 1258.300781
-8.544922, -89.111328, 1145.507812
36.132812, -88.623047, 1018.554688
78.613281, -83.251953, 935.058594
95.214844, -68.115234, 837.890625
105.957031, -50.537109, 794.921875
74.707031, -18.310547, 651.367188
9.765625, -29.541016, 597.656250
11.230469, -7.568359, 628.906250
-74.951172, 5.859375, 624.023438
-108.154297, 13.671875, 680.664062
-128.173828, -3.662109, 735.351562
-162.841797, 22.460938, 736.328125
-214.599609, -42.236328, 715.820312
-272.216797, -46.142578, 850.097656
-225.341797, -111.083984, 982.910156
-263.427734, -129.150391, 1137.695312
-227.294922, -165.771484, 1291.992188
-184.326172, -91.552734, 1422.851562
-159.423828, -85.205078, 1337.402344
-102.783203, -71.533203, 1283.203125
-172.607422, -40.283203, 1165.039062
-112.060547, -51.513672, 1141.601562
-132.568359, -63.720703, 1114.257812
-154.541016, -11.962891, 1125.488281
-146.728516, -59.814453, 1131.347656
-199.462891, -110.107422, 1245.605469
-234.130859, -75.927734, 1269.531250
-190.185547, -96.923828, 1242.675781
-196.533203, -36.865234, 1101.562500
-218.505859, -118.896484, 1038.574219
-199.951172, -68.115234, 911.621094
-187.255859, -119.873047, 896.484375
-160.888672, -112.060547, 839.843750
-132.080078, -92.529297, 766.601562
-,-,-
109.375000, -62.255859, 1078.125000
54.687500, -95.947266, 1155.761719
-92.529297, -48.095703, 1276.367188
-75.927734, -43.212891, 1324.218750
-77.392578, -63.232422, 1332.519531
-69.580078, -7.568359, 1289.550781
-24.658203, -38.818359, 1198.730469
2.929688, -53.466797, 1125.976562
67.382812, -34.912109, 997.558594
81.542969, -30.029297, 895.996094
95.214844, -16.845703, 808.105469
82.519531, -27.099609, 724.609375
41.015625, -37.841797, 721.679688
-31.494141, -57.861328, 678.710938
-114.501953, -12.939453, 653.808594
-136.474609, 7.812500, 640.136719
-126.708984, 15.136719, 675.292969
-149.169922, 50.781250, 706.054688
-183.837891, 36.132812, 777.832031
-198.486328, 16.113281, 843.750000
-276.123047, -4.638672, 949.218750
-280.517578, -38.818359, 1016.601562
-290.771484, -30.517578, 1083.984375
-303.955078, -47.119141, 1105.468750
-235.595703, -16.357422, 1141.601562
-154.541016, -86.181641, 1238.769531
-68.603516, -131.591797, 1316.406250
-26.123047, -108.154297, 1181.640625
-111.083984, -73.486328, 1245.117188
-90.087891, -140.380859, 1116.699219
-122.802734, -52.978516, 1053.222656
-191.650391, 36.132812, 1019.042969
-225.341797, -11.962891, 991.210938
-214.599609, 14.648438, 1104.492188
-248.291016, 23.437500, 1092.285156
-306.396484, -77.392578, 1047.363281
-290.771484, -20.263672, 1215.820312
-313.720703, -136.474609, 1000.488281
-267.822266, -142.333984, 1001.464844
-289.794922, -214.599609, 914.550781
-253.662109, -175.048828, 835.937500
-187.255859, -272.216797, 751.953125
-,-,-
-55.419922, -70.556641, 1014.648438
-63.720703, -122.802734, 1043.945312
-87.158203, -56.396484, 1132.324219
-114.501953, -35.888672, 1243.164062
-113.525391, -31.005859, 1344.726562
-63.720703, -70.556641, 1394.042969
-6.103516, -80.810547, 1308.105469
44.433594, -113.037109, 1147.460938
97.167969, -42.236328, 1045.410156
124.023438, 0.000000, 911.132812
85.937500, -4.638672, 826.171875
58.105469, -8.544922, 725.585938
81.542969, 26.367188, 692.382812
26.367188, 8.789062, 578.125000
-7.080078, 77.148438, 582.031250
-114.501953, 48.828125, 596.679688
-194.091797, 44.921875, 562.988281
-239.013672, 34.179688, 558.593750
-233.154297, 25.390625, 591.796875
-189.208984, -11.474609, 586.425781
-322.021484, -41.259766, 824.707031
-283.935547, -8.544922, 955.078125
-275.634766, -116.455078, 1129.394531
-303.955078, 22.460938, 1533.203125
-253.173828, -16.357422, 1334.472656
-188.232422, 70.312500, 1413.085938
-196.533203, 46.875000, 1301.757812
-235.107422, -13.916016, 1245.117188
-169.677734, 10.253906, 1131.835938
-175.537109, -13.916016, 1093.750000
-157.958984, -42.236328, 1199.707031
-203.857422, -103.759766, 1119.140625
-220.458984, -131.103516, 1274.414062
-236.572266, -159.912109, 1083.007812
-199.951172, -133.544922, 1153.808594
-213.623047, -128.662109, 911.132812
-172.119141, -99.853516, 769.531250
-175.537109, -84.716797, 708.984375
-,-,-
-43.212891, -99.853516, 1055.664062
-70.068359, -56.396484, 1166.992188
-94.482422, -102.294922, 1164.062500
-27.587891, -78.857422, 1400.390625
-35.888672, -47.607422, 1387.695312
22.460938, -80.810547, 1291.015625
79.101562, -71.533203, 1241.699219
134.765625, -70.068359, 1177.734375
95.703125, -41.748047, 1065.917969
142.578125, -13.916016, 950.195312
146.972656, 2.929688, 883.789062
147.949219, 40.039062, 832.031250
134.765625, 41.992188, 731.445312
132.324219, 5.859375, 711.914062
131.347656, -9.521484, 635.742188
35.156250, -30.029297, 562.988281
18.066406, -25.634766, 655.761719
-34.912109, -11.962891, 691.894531
-147.705078, 41.503906, 682.617188
-170.166016, 11.230469, 695.800781
-194.091797, 47.851562, 755.859375
-214.599609, -17.333984, 792.968750
-260.498047, -8.544922, 858.398438
-174.072266, -30.029297, 921.386719
-260.009766, -63.232422, 937.011719
-173.583984, -136.474609, 998.535156
-146.240234, -161.376953, 1136.718750
-81.298828, -147.216797, 1234.863281
-102.294922, -120.849609, 1317.382812
-67.138672, 15.136719, 1428.710938
26.367188, 14.648438, 1329.589844
26.855469, -21.728516, 1239.746094
32.714844, -79.833984, 1120.117188
21.484375, -77.392578, 1112.792969
135.742188, 67.382812, 1150.878906
-34.912109, 86.425781, 1212.890625
-12.939453, 62.500000, 1270.507812
18.066406, -30.517578, 1244.628906
-17.822266, -149.169922, 1166.015625
-108.154297, -171.630859, 1087.402344
-140.869141, -156.982422, 892.089844
-106.201172, -137.451172, 854.492188
-114.501953, -134.521484, 835.937500
-111.083984, -153.076172, 927.734375
-,-,-
49.804688, -141.357422, 1101.562500
11.230469, -125.732422, 1282.226562
-23.193359, -140.380859, 1275.390625
-32.958984, -135.498047, 1323.242188
-20.263672, -139.404297, 1350.097656
-31.982422, -138.427734, 1307.128906
3.417969, -77.880859, 1256.347656
7.812500, -50.537109, 1145.507812
26.855469, -13.427734, 1034.179688
23.925781, -35.888672, 912.597656
48.828125, -32.958984, 754.394531
124.023438, -7.568359, 705.078125
116.210938, -70.556641, 554.687500
68.847656, -94.482422, 531.250000
-12.939453, -39.794922, 633.300781
-69.091797, 6.835938, 632.324219
-185.302734, 0.488281, 711.914062
-248.291016, 62.011719, 719.726562
-205.322266, 115.234375, 748.046875
-247.802734, 10.253906, 768.066406
-239.013672, 24.414062, 825.683594
-197.998047, -43.212891, 804.199219
-239.013672, -21.240234, 914.550781
-221.923828, -40.771484, 985.839844
-242.431641, -79.833984, 1059.570312
-210.693359, -88.134766, 1211.914062
-260.986328, -195.068359, 1250.976562
-257.568359, -176.025391, 1366.210938
-176.513672, -131.103516, 1252.929688
-170.654297, 29.785156, 1134.277344
-177.001953, 106.445312, 1185.546875
-165.283203, 88.378906, 1200.683594
-167.236328, 61.523438, 1133.300781
-179.931641, 2.441406, 1245.117188
-149.169922, -30.029297, 1150.390625
-208.740234, -101.806641, 1159.179688
-236.572266, 13.671875, 1228.515625
-290.771484, -87.158203, 1104.492188
-250.732422, -74.951172, 1083.007812
-243.408203, -125.732422, 888.671875
-201.904297, -132.080078, 880.859375
-172.119141, -126.708984, 822.265625
-,-,-
-23.193359, -122.802734, 1058.593750
-85.693359, -173.095703, 1218.261719
-68.603516, -149.169922, 1314.453125
-142.333984, -161.865234, 1368.164062
-117.919922, -141.357422, 1407.226562
-105.224609, -163.818359, 1235.839844
-44.189453, -151.123047, 1119.140625
45.898438, -53.466797, 945.312500
75.683594, -43.701172, 829.589844
138.671875, 3.906250, 867.187500
150.390625, 15.136719, 835.937500
128.417969, 44.433594, 807.617188
92.773438, 13.671875, 776.855469
64.941406, -37.841797, 669.921875
8.789062, 13.671875, 678.710938
-30.517578, 13.183594, 677.734375
-1.708984, 8.789062, 652.832031
-12.939453, -4.638672, 625.000000
-33.935547, -14.892578, 645.507812
-71.533203, -79.833984, 693.359375
-123.779297, -102.783203, 732.421875
-164.306641, -127.685547, 844.726562
-237.548828, -3.662109, 879.882812
-281.005859, -62.255859, 1071.777344
-318.603516, 3.417969, 1334.472656
-251.708984, -73.974609, 1258.300781
-165.771484, 12.207031, 1358.398438
-92.529297, 25.390625, 1294.921875
-65.673828, 79.101562, 1230.468750
-72.998047, 87.402344, 1291.015625
4.394531, 129.882812, 1338.867188
9.765625, 161.621094, 1196.777344
-61.279297, 114.746094, 1250.000000
-91.552734, 101.074219, 1333.984375
-189.697266, -39.794922, 1137.695312
-222.900391, -83.740234, 1131.347656
-223.876953, -92.529297, 1029.785156
-,-,-
-47.607422, -81.787109, 1034.179688
-129.638672, -0.244141, 1077.148438
-93.994141, -104.248047, 958.496094
-115.966797, -90.576172, 1142.578125
-178.466797, -92.529297, 1134.277344
-168.701172, -37.841797, 1236.328125
-145.263672, -70.068359, 1195.312500
-69.580078, -105.224609, 1162.109375
56.152344, -75.927734, 1230.468750
141.601562, -94.482422, 1236.328125
277.343750, -83.740234, 1175.292969
351.562500, -80.810547, 1075.195312
361.816406, -75.439453, 974.609375
339.843750, -75.927734, 909.179688
333.984375, -55.419922, 827.636719
281.250000, -33.935547, 781.250000
227.050781, -9.521484, 694.824219
163.574219, -15.380859, 657.714844
26.855469, 0.488281, 589.355469
-8.544922, 36.132812, 598.632812
-83.740234, 18.066406, 615.722656
-96.923828, 10.742188, 576.171875
-102.783203, 0.488281, 656.738281
-120.849609, 20.507812, 738.281250
-111.083984, -30.029297, 781.250000
-155.517578, -46.630859, 836.914062
-161.376953, -66.162109, 918.945312
-29.541016, -110.107422, 1057.617188
60.546875, -141.357422, 1245.605469
102.539062, -157.958984, 1361.328125
42.968750, -171.630859, 1354.980469
106.933594, -39.794922, 1493.164062
23.925781, -41.748047, 1282.226562
-23.681641, -11.962891, 1216.308594
-22.216797, 11.718750, 1096.679688
-72.021484, 5.859375, 1188.476562
6.347656, 18.554688, 1215.332031
54.687500, -7.568359, 1240.722656
2.929688, -2.197266, 1248.535156
-52.001953, 16.113281, 1338.867188
-89.111328, -13.916016, 1287.597656
-98.388672, -66.162109, 1040.527344
-177.490234, -121.826172, 924.804688
-169.677734, -138.427734, 802.246094
-,-,-
11.230469, -89.599609, 953.125000
3.417969, -101.806641, 1009.765625
-35.400391, -134.033203, 1060.546875
-53.466797, -92.529297, 1173.828125
-72.998047, -103.759766, 1229.492188
-31.494141, -99.853516, 1278.320312
32.226562, -84.716797, 1353.027344
51.269531, -92.529297, 1316.406250
104.003906, -90.087891, 1234.375000
153.320312, -89.599609, 1093.750000
181.640625, -43.701172, 994.140625
194.335938, -2.685547, 870.117188
209.472656, 46.875000, 778.320312
171.386719, 32.714844, 699.218750
105.468750, -3.173828, 661.132812
97.656250, -13.427734, 588.378906
50.292969, -45.166016, 564.941406
-38.330078, -29.052734, 666.992188
-165.283203, -32.958984, 585.449219
-242.431641, -55.908203, 643.554688
-272.705078, -72.509766, 801.269531
-259.521484, -83.740234, 776.367188
-239.013672, -85.693359, 914.550781
-201.904297, -103.759766, 983.398438
-143.310547, -123.779297, 1020.996094
-136.474609, -158.447266, 1281.250000
-39.306641, -173.095703, 1262.207031
21.484375, -97.412109, 1312.500000
45.410156, -114.013672, 1302.734375
-18.310547, -71.533203, 1445.312500
145.019531, 72.753906, 1291.503906
85.937500, 86.914062, 1019.531250
-31.005859, 90.332031, 1165.039062
-17.333984, 81.054688, 1270.507812
15.625000, 89.843750, 1220.214844
46.875000, 53.710938, 1139.648438
-10.986328, 14.160156, 1163.085938
-32.958984, -69.091797, 1035.156250
-127.197266, -88.134766, 999.023438
-105.224609, -107.177734, 865.234375
-105.224609, -67.138672, 795.898438
-,-,-
22.460938, -155.029297, 1292.968750
22.460938, -146.728516, 1265.136719
10.742188, -101.806641, 1140.625000
-33.935547, -65.185547, 1185.546875
8.789062, -80.810547, 1269.531250
24.414062, -69.091797, 1298.828125
64.941406, -68.115234, 1274.414062
82.031250, -60.302734, 1191.406250
92.285156, -31.982422, 1060.546875
92.773438, -31.982422, 954.101562
113.281250, 0.976562, 844.726562
80.078125, -25.146484, 726.562500
80.078125, -54.931641, 695.312500
66.406250, -60.791016, 625.000000
37.109375, -50.537109, 562.500000
-19.775391, -25.146484, 525.878906
-137.451172, -6.591797, 568.359375
-177.978516, 4.882812, 549.804688
-153.564453, 41.503906, 656.738281
-184.814453, 13.183594, 792.968750
-191.650391, -20.263672, 918.945312
-253.173828, -61.279297, 990.234375
-229.736328, -19.287109, 1201.660156
-230.224609, -106.201172, 1136.718750
-137.939453, -21.240234, 1276.367188
-111.083984, 1.464844, 1228.515625
-18.798828, 2.441406, 1317.382812
-42.724609, 3.906250, 1296.875000
-24.658203, 75.195312, 1208.007812
-25.146484, 88.378906, 1153.320312
42.968750, 104.003906, 1017.578125
-76.904297, 138.671875, 906.738281
130.859375, 121.093750, 1256.347656
107.421875, 14.160156, 1280.761719
62.988281, 86.425781, 1295.898438
-4.150391, -12.939453, 1273.437500
-15.380859, -3.662109, 1211.914062
-64.697266, -1.220703, 1109.863281
-82.763672, 8.789062, 1112.792969
-99.365234, -16.357422, 971.679688
-99.365234, 2.929688, 830.566406
-66.162109, 17.089844, 859.375000
-85.205078, 14.648438, 855.468750
-,-,-
-100.341797, -85.205078, 1022.949219
-123.779297, -70.068359, 1118.164062
-124.755859, -54.443359, 1211.914062
-121.337891, -61.279297, 1246.093750
-106.201172, -41.748047, 1293.945312
-82.275391, -50.537109, 1362.304688
-37.841797, -61.279297, 1273.437500
31.738281, -100.830078, 1211.914062
70.800781, -99.853516, 1076.171875
125.000000, -41.259766, 985.351562
151.855469, -10.986328, 844.726562
139.160156, 2.929688, 756.835938
112.792969, -12.451172, 727.539062
118.164062, 7.812500, 632.324219
77.636719, 31.250000, 602.539062
-18.798828, 43.457031, 617.187500
-121.337891, 98.632812, 588.378906
-178.955078, 107.421875, 605.957031
-228.271484, 66.406250, 644.531250
-242.431641, 35.156250, 720.214844
-250.244141, 33.203125, 791.992188
-274.658203, 30.761719, 872.558594
-305.908203, -10.498047, 964.843750
-361.083984, -78.857422, 1017.578125
-394.775391, -13.916016, 1192.382812
-391.845703, -24.169922, 1200.195312
-354.736328, -36.865234, 1157.226562
-250.732422, 9.765625, 1268.554688
-169.677734, 29.785156, 1190.429688
-127.685547, 1.464844, 1171.875000
-130.615234, -23.193359, 1408.203125
-94.970703, 38.085938, 1099.609375
-30.517578, 66.894531, 1102.539062
-62.255859, 89.355469, 1071.289062
-122.802734, 70.800781, 1124.023438
-125.732422, 7.812500, 1035.156250
-141.845703, 23.437500, 1121.093750
-199.951172, 10.742188, 1129.882812
-204.345703, 8.789062, 1107.910156
-149.169922, -81.787109, 1148.925781
-211.181641, -43.212891, 1093.750000
-206.298828, -89.111328, 1008.789062
-200.927734, -95.458984, 1024.902344
-,-,-
-59.326172, 56.152344, 1088.867188
-56.884766, 82.031250, 1143.554688
44.921875, 35.156250, 1129.882812
14.648438, 67.382812, 1148.925781
1.464844, 102.050781, 1063.964844
65.429688, -4.638672, 1005.371094
59.570312, 63.476562, 992.187500
107.910156, 60.058594, 927.734375
256.835938, 150.390625, 1007.812500
247.558594, 192.382812, 1312.011719
163.085938, 217.773438, 1402.343750
55.175781, 153.320312, 1211.914062
101.074219, 54.687500, 913.574219
101.074219, 82.031250, 601.562500
125.488281, 19.042969, 343.750000
50.781250, -112.060547, 374.511719
-74.951172, -129.150391, 372.558594
-221.435547, -110.107422, 500.000000
-296.630859, -46.630859, 617.187500
-335.693359, -2.685547, 784.667969
-350.830078, 12.695312, 964.843750
-308.349609, -116.455078, 1023.925781
-243.896484, -10.986328, 1333.496094
-189.697266, -63.232422, 1583.984375
-52.978516, -43.701172, 1471.679688
107.910156, -103.271484, 1448.242188
151.855469, -34.912109, 1240.722656
1.953125, 111.328125, 1017.578125
-80.322266, 112.304688, 985.351562
-392.333984, 354.492188, 937.011719
-683.349609, 362.304688, 1261.230469
-809.326172, 358.398438, 1508.789062
-618.896484, 146.972656, 1339.843750
-604.248047, 125.976562, 1208.007812
-,-,-
-31.005859, -31.982422, 1113.769531
-41.748047, 16.113281, 1122.070312
15.136719, -12.451172, 1100.585938
-0.244141, 64.453125, 1177.246094
75.195312, 44.433594, 1280.273438
151.855469, -10.498047, 1234.375000
164.550781, 43.457031, 1122.070312
166.992188, 98.632812, 856.445312
132.324219, 33.203125, 785.644531
94.238281, 2.929688, 791.015625
78.125000, -93.505859, 671.875000
39.062500, -175.537109, 755.859375
-17.333984, -129.150391, 711.914062
-36.376953, -88.134766, 598.632812
-68.115234, -48.583984, 560.546875
-74.951172, -60.302734, 601.562500
-145.263672, -87.158203, 737.792969
-162.841797, -149.169922, 816.406250
-274.658203, -124.755859, 920.898438
-227.783203, -133.544922, 963.378906
-245.849609, -160.400391, 1061.523438
-180.419922, -181.396484, 1263.183594
-85.693359, -210.205078, 1342.773438
-122.314453, -112.060547, 1285.644531
-116.943359, -86.181641, 1368.164062
-107.666016, -208.740234, 1369.140625
-361.572266, 13.671875, 1283.203125
-453.857422, -39.794922, 1206.054688
-575.927734, 74.707031, 1183.593750
-602.294922, 5.859375, 1115.234375
-469.482422, -32.958984, 1143.554688
-410.888672, -48.583984, 1097.656250
-244.384766, -87.158203, 845.214844
-,-,-
-75.927734, -88.134766, 1159.179688
-61.767578, -92.529297, 1096.679688
-61.279297, -66.162109, 1120.117188
-14.892578, -76.904297, 1116.210938
1.953125, -14.404297, 1174.316406
57.617188, 5.859375, 1145.996094
110.351562, 18.554688, 1083.984375
133.300781, -91.552734, 1020.507812
155.273438, -114.013672, 943.359375
140.625000, -62.255859, 841.796875
84.960938, -33.935547, 733.398438
25.390625, -32.958984, 730.468750
-18.310547, -40.283203, 701.660156
-77.392578, -8.544922, 666.992188
-72.021484, -21.240234, 617.187500
-84.716797, -57.861328, 635.742188
-150.146484, -32.958984, 694.824219
-147.705078, -28.564453, 721.191406
-165.283203, -100.830078, 853.515625
-135.986328, -125.732422, 924.804688
-103.759766, -97.412109, 749.023438
-176.025391, -99.853516, 1066.894531
-111.083984, -95.458984, 1087.402344
-120.849609, -99.853516, 1071.777344
-167.236328, 11.718750, 1226.562500
-75.439453, -94.482422, 1295.898438
-121.826172, -16.845703, 1269.531250
-199.951172, 35.156250, 1108.886719
-177.978516, -57.861328, 1098.144531
-384.521484, 1.464844, 1245.117188
-500.732422, 1.464844, 1370.117188
-564.208984, -42.236328, 1568.847656
-585.205078, -1.708984, 1494.140625
-506.591797, -7.568359, 1233.398438
-447.509766, -15.869141, 1068.847656
-354.736328, -33.935547, 976.562500
-239.990234, -85.693359, 806.152344
-137.939453, -76.904297, 662.109375
-64.697266, -88.134766, 606.445312
-,-,-
-107.666016, -31.982422, 944.335938
-79.833984, -98.388672, 953.125000
-140.869141, -110.107422, 1100.585938
-124.755859, -133.056641, 1177.246094
-83.251953, -203.369141, 1347.656250
-39.306641, -145.263672, 1365.234375
5.859375, -125.244141, 1338.867188
7.812500, -98.876953, 1242.675781
62.011719, -98.876953, 1151.367188
59.570312, -61.279297, 1066.894531
99.609375, -8.544922, 893.066406
131.835938, 27.343750, 756.835938
153.808594, 10.742188, 740.722656
144.042969, -19.287109, 730.468750
153.808594, -32.958984, 678.222656
81.054688, -47.607422, 696.777344
-12.939453, 18.066406, 621.093750
7.324219, -50.537109, 624.023438
-75.927734, -76.904297, 728.515625
-77.880859, -93.505859, 640.625000
-121.337891, -151.123047, 763.183594
-240.966797, -124.755859, 910.644531
-296.630859, -127.685547, 955.566406
-267.822266, -140.380859, 1021.484375
-31.982422, -257.568359, 958.007812
16.601562, -231.201172, 998.046875
-55.908203, -182.373047, 1083.007812
15.625000, -304.443359, 1202.636719
-63.720703, -135.986328, 1184.570312
-135.498047, -82.763672, 1082.031250
-108.642578, -44.189453, 1145.507812
-109.130859, -66.162109, 1169.921875
-126.220703, -86.181641, 1152.343750
-173.095703, -156.982422, 1319.335938
-245.849609, -164.794922, 1221.191406
-364.501953, -316.162109, 1405.273438
-401.611328, -160.400391, 1339.843750
-342.529297, -81.787109, 1133.300781
-321.533203, -72.998047, 1204.101562
-218.017578, -73.974609, 966.796875
-167.236328, -80.810547, 835.937500
-149.169922, -31.982422, 858.398438
-80.322266, -56.396484, 712.890625
-24.169922, -65.185547, 740.722656
-,-,-
96.191406, -78.857422, 923.828125
24.414062, -160.400391, 954.589844
-134.033203, -156.982422, 1191.406250
-237.060547, -129.638672, 1299.804688
-189.208984, -152.099609, 1472.656250
-107.666016, -170.654297, 1400.390625
-48.583984, -135.009766, 1402.343750
69.335938, -143.798828, 1233.398438
123.046875, -73.486328, 1101.562500
171.386719, -13.916016, 884.765625
195.312500, 5.859375, 745.117188
166.503906, 14.648438, 675.292969
158.203125, -17.333984, 647.460938
101.074219, -35.888672, 614.257812
27.343750, -55.908203, 575.195312
-77.880859, 11.718750, 545.898438
-31.494141, 13.671875, 528.320312
-83.251953, -63.232422, 631.347656
-219.482422, -11.474609, 695.800781
-244.384766, 29.296875, 688.476562
-331.298828, -49.072266, 924.804688
-282.958984, -154.052734, 1027.832031
-88.134766, -152.099609, 933.593750
-133.056641, -199.951172, 1043.945312
0.488281, -211.669922, 1118.164062
0.488281, -191.162109, 988.281250
-229.736328, -80.810547, 1176.269531
-248.291016, 0.976562, 974.609375
-312.744141, -26.123047, 1082.031250
-366.943359, -137.451172, 1357.910156
-541.259766, 60.546875, 1691.406250
-293.212891, -54.443359, 1558.593750
-63.720703, -34.912109, 1590.332031
18.554688, -134.033203, 1048.828125
-78.857422, 16.601562, 894.042969
-288.330078, 109.375000, 1086.425781
-381.591797, 176.269531, 936.035156
-410.888672, 181.640625, 1118.164062
-439.697266, 105.957031, 1025.878906
-371.826172, 43.945312, 1092.285156
-269.775391, -72.998047, 1101.562500
-248.291016, -33.935547, 1076.171875
-179.931641, -80.810547, 1093.750000
-129.638672, -47.607422, 971.679688
-98.388672, -94.482422, 800.781250
-17.822266, -104.248047, 813.476562
-25.146484, -81.787109, 681.640625
-,-,-
-106.689453, -157.958984, 1100.585938
-92.529297, -144.775391, 1162.109375
-99.365234, -156.982422, 1148.437500
-120.849609, -145.751953, 1228.515625
-97.412109, -110.107422, 1258.300781
-18.798828, -114.013672, 1216.796875
30.273438, -80.810547, 1167.968750
95.214844, -87.158203, 1024.902344
107.910156, -8.544922, 981.933594
111.328125, 41.992188, 905.273438
72.265625, 95.703125, 849.121094
106.933594, 60.546875, 780.761719
48.339844, 23.437500, 691.406250
56.640625, -46.630859, 612.792969
-59.326172, -25.146484, 604.003906
-208.740234, -55.908203, 655.761719
-204.833984, -31.494141, 627.929688
-135.009766, 11.718750, 612.304688
-107.666016, 8.789062, 740.722656
-76.416016, -16.357422, 829.589844
-85.205078, -33.447266, 849.121094
-84.716797, -100.830078, 956.054688
-81.298828, -163.818359, 977.050781
-324.462891, -191.650391, 1212.890625
-429.443359, -72.509766, 1263.183594
-256.103516, -34.912109, 1015.625000
-156.982422, -37.841797, 1093.750000
-239.013672, -105.224609, 1088.378906
-292.724609, -114.501953, 983.398438
-363.525391, -136.474609, 1225.585938
-335.693359, -169.677734, 1236.328125
-498.291016, 27.832031, 1069.824219
-462.646484, 50.781250, 1102.539062
-371.337891, -42.236328, 1181.640625
-535.888672, 94.726562, 1166.992188
-613.525391, 27.343750, 1019.531250
-612.548828, 46.875000, 1162.597656
-566.650391, -52.490234, 997.070312
-468.994141, -108.154297, 1128.906250
-316.162109, -23.193359, 992.187500
-180.908203, -145.751953, 793.945312
-149.169922, -62.255859, 828.613281
-,-,-
-1.220703, -104.248047, 1051.757812
-94.970703, -104.248047, 1162.109375
-92.529297, -205.322266, 1171.875000
-103.271484, -189.697266, 1338.867188
-96.435547, -173.583984, 1353.027344
-40.771484, -176.513672, 1399.902344
-28.076172, -148.681641, 1316.406250
23.925781, -98.876953, 1145.507812
137.207031, -80.810547, 986.816406
176.757812, -13.916016, 835.937500
155.273438, 43.457031, 688.476562
141.113281, 48.828125, 586.425781
128.417969, -46.142578, 674.316406
45.898438, -106.201172, 737.304688
-106.201172, -47.607422, 668.945312
-100.341797, -60.302734, 670.898438
-149.169922, -18.310547, 645.507812
-201.416016, 15.136719, 647.460938
-234.130859, -55.419922, 772.460938
-320.556641, -51.513672, 895.019531
-234.130859, -17.333984, 805.175781
-283.935547, -81.787109, 923.828125
-310.302734, -39.794922, 1044.433594
-248.291016, -72.509766, 964.843750
-290.771484, -122.802734, 1087.402344
-168.701172, -156.005859, 1095.703125
-225.341797, -89.111328, 1113.281250
-146.728516, -114.990234, 1063.964844
-211.181641, 8.789062, 957.519531
-242.919922, -89.111328, 1069.335938
-205.322266, -178.955078, 1193.847656
-302.001953, -167.724609, 1345.703125
-357.177734, -225.341797, 1410.644531
-329.833984, -176.025391, 1311.523438
-272.705078, -169.677734, 1083.007812
-277.099609, -181.396484, 1008.789062
-384.521484, -104.736328, 921.875000
-492.431641, -75.927734, 1066.406250
-550.537109, -67.138672, 1077.148438
-560.791016, -47.607422, 1211.914062
-322.021484, -177.001953, 1127.929688
-267.333984, -139.404297, 1070.312500
-142.333984, -150.146484, 959.472656
6.347656, -169.677734, 770.507812
-58.349609, -30.029297, 739.746094
33.203125, -124.755859, 719.238281
70.800781, -187.744141, 735.351562
-10.498047, -126.708984, 812.011719
-,-,-
-105.224609, 124.023438, 708.007812
-,-,-
-94.970703, -110.107422, 986.328125
-209.716797, -87.158203, 1143.554688
-251.708984, -52.490234, 1180.664062
-171.142578, -97.412109, 1208.007812
-106.689453, -95.458984, 1287.597656
-7.568359, -114.013672, 1256.835938
82.031250, -109.130859, 1275.390625
121.093750, -61.767578, 1182.617188
172.851562, -57.861328, 1022.460938
154.296875, -10.986328, 928.710938
141.113281, 33.691406, 770.507812
129.882812, -29.541016, 657.714844
41.992188, -47.607422, 634.277344
-22.216797, -28.564453, 538.085938
-107.666016, -87.158203, 553.710938
-196.044922, -72.509766, 523.437500
-165.771484, -71.533203, 464.843750
-366.943359, -138.427734, 670.410156
-420.166016, -168.701172, 705.078125
-338.623047, -131.103516, 675.292969
-457.275391, -151.123047, 1064.453125
-255.126953, -187.255859, 1020.507812
-323.486328, -51.513672, 1211.914062
-302.490234, -103.271484, 1267.089844
-203.369141, -143.310547, 1363.281250
-312.744141, -153.076172, 1336.914062
-323.486328, -154.052734, 1233.398438
-541.259766, 5.859375, 1134.277344
-544.189453, -25.146484, 1130.371094
-647.216797, -85.693359, 1307.128906
-633.056641, -40.771484, 1223.144531
-611.083984, -178.466797, 1176.269531
-583.740234, -135.498047, 1190.429688
-398.193359, -317.626953, 1110.839844
-388.427734, -202.392578, 1057.617188
-249.267578, -207.763672, 778.320312
-131.591797, -281.005859, 734.375000
-104.248047, -263.916016, 690.429688
-44.189453, -155.029297, 668.945312
-,-,-
13.183594, -243.896484, 1019.531250
-15.869141, -241.943359, 929.687500
-74.951172, -217.041016, 1018.554688
-135.009766, -188.720703, 1099.609375
-195.556641, -208.740234, 1302.734375
-131.591797, -252.685547, 1348.632812
5.371094, -329.833984, 1375.488281
16.601562, -339.599609, 1340.820312
32.714844, -257.568359, 1156.738281
44.921875, -182.373047, 939.941406
22.949219, -72.509766, 858.398438
-6.103516, 1.464844, 823.242188
75.195312, -12.451172, 847.167969
188.476562, -78.857422, 765.136719
177.246094, -71.044922, 733.398438
229.980469, -98.388672, 668.945312
124.023438, -54.931641, 628.417969
-43.701172, -32.958984, 635.253906
-66.162109, -36.865234, 545.410156
-106.689453, -135.498047, 564.941406
-286.376953, -133.056641, 708.007812
-278.564453, -146.240234, 639.648438
-295.654297, -237.060547, 834.960938
-133.544922, -232.177734, 801.757812
-108.154297, -275.634766, 990.234375
-53.466797, -266.845703, 1234.375000
39.550781, -323.486328, 1192.382812
-93.505859, -271.240234, 1455.078125
-23.193359, -337.158203, 1394.042969
-89.111328, -160.400391, 1084.960938
-59.326172, -247.314453, 1171.386719
-93.994141, -235.107422, 1107.421875
-187.744141, -145.751953, 1084.960938
-30.029297, -334.228516, 1166.992188
-71.044922, -350.830078, 1234.375000
-201.416016, -210.693359, 1095.703125
-215.576172, -292.236328, 1153.808594
-344.970703, -140.380859, 1092.773438
-470.947266, -150.634766, 1137.207031
-449.462891, -133.056641, 1226.562500
-340.576172, -247.314453, 1103.515625
-225.341797, -231.201172, 966.796875
-78.369141, -289.794922, 849.121094
-27.587891, -211.669922, 731.445312
18.066406, -195.068359, 681.640625
49.804688, -199.951172, 672.363281
20.019531, -155.029297, 708.984375
-,-,-
-25.146484, -236.572266, 1095.214844
-52.978516, -199.951172, 1130.859375
-41.748047, -215.087891, 1223.144531
-148.681641, -124.755859, 1236.328125
13.183594, -196.044922, 1182.617188
65.917969, -137.451172, 1239.746094
161.132812, -139.404297, 1131.347656
281.250000, -230.224609, 1063.964844
315.429688, -167.724609, 1021.972656
313.964844, -56.884766, 823.242188
321.777344, -42.724609, 701.171875
262.207031, -152.099609, 704.101562
277.343750, -208.740234, 565.429688
18.066406, -149.169922, 520.507812
-104.248047, -108.154297, 333.984375
-44.189453, -185.791016, 484.375000
-106.689453, -71.533203, 439.941406
-135.009766, -97.900391, 594.726562
-146.728516, -218.017578, 828.613281
-185.791016, -262.939453, 1123.046875
-340.576172, -117.431641, 1292.968750
-222.900391, -148.193359, 1364.257812
-105.224609, -130.615234, 1400.878906
-183.349609, 49.804688, 1466.796875
-341.552734, -54.443359, 1806.640625
222.167969, -137.451172, 1036.132812
-245.849609, 158.203125, 693.847656
-448.974609, 64.453125, 1114.257812
-600.830078, 4.882812, 1124.023438
-719.970703, 15.136719, 1291.992188
-663.330078, -46.142578, 1310.058594
-507.080078, -49.560547, 1314.453125
-406.005859, -129.150391, 1153.320312
-206.787109, -216.064453, 903.320312
-87.646484, -242.919922, 651.367188
-6.103516, -186.279297, 520.019531
-,-,-
7.812500, -141.357422, 1069.824219
-42.724609, -144.775391, 1223.144531
4.394531, -187.744141, 1244.140625
-113.525391, -57.373047, 1282.226562
-13.916016, -75.439453, 1304.199219
86.425781, -144.775391, 1284.179688
150.390625, -156.005859, 1230.468750
246.093750, -125.732422, 1029.785156
366.699219, -81.787109, 853.515625
453.613281, -85.205078, 724.609375
135.742188, 30.761719, 822.265625
68.359375, -99.853516, 794.921875
26.855469, -137.451172, 796.875000
0.000000, -110.107422, 559.570312
0.000000, -98.388672, 443.359375
-26.123047, -34.912109, 438.476562
-32.470703, -40.771484, 390.136719
-116.943359, -69.091797, 571.777344
-384.033203, -41.259766, 918.457031
-274.169922, -192.626953, 1053.710938
-345.947266, -253.173828, 1280.273438
-243.408203, -138.427734, 1217.285156
-206.787109, -180.419922, 1372.558594
-219.482422, -64.208984, 1303.710938
-160.888672, -71.533203, 1281.250000
-158.935547, -17.333984, 1211.914062
-210.205078, 65.429688, 1095.703125
-235.107422, 25.390625, 1068.847656
-345.947266, 78.613281, 1077.148438
-290.283203, 39.062500, 1040.527344
-380.615234, 64.453125, 997.070312
-500.732422, 44.921875, 991.210938
-572.021484, -100.830078, 1206.054688
-642.333984, -90.576172, 1265.136719
-565.185547, -63.232422, 1165.039062
-388.916016, -78.857422, 965.820312
-182.373047, -173.095703, 822.265625
-63.720703, -165.771484, 688.476562
-75.439453, -87.158203, 699.707031
-,-,-
-143.310547, -70.556641, 1084.960938
-129.150391, -82.763672, 1046.875000
-144.287109, -57.861328, 1179.687500
-119.873047, -24.169922, 1257.812500
-27.587891, -13.916016, 1296.875000
-12.939453, -34.912109, 1266.601562
50.292969, -69.580078, 1275.390625
75.683594, -53.466797, 1154.296875
63.964844, 3.417969, 1029.785156
147.460938, -21.240234, 887.207031
179.199219, -27.587891, 778.320312
152.832031, -27.587891, 716.308594
122.558594, -28.076172, 675.292969
98.144531, -69.091797, 640.625000
-29.052734, -36.865234, 569.824219
-155.029297, -35.888672, 546.386719
-53.466797, -138.427734, 550.781250
-100.341797, -149.169922, 565.917969
-207.275391, -53.955078, 715.820312
-256.591797, -62.255859, 890.136719
-249.267578, -42.236328, 1086.914062
-156.982422, -143.310547, 1210.937500
-83.251953, -89.599609, 1344.726562
-80.322266, -133.544922, 1296.875000
-84.228516, -40.771484, 1376.464844
-227.294922, 33.203125, 1268.554688
-238.525391, 74.218750, 1131.347656
-364.501953, 99.609375, 1177.246094
-425.537109, 93.750000, 1167.968750
-348.876953, -66.162109, 1193.359375
-445.556641, -147.216797, 1363.281250
-336.181641, -221.435547, 1297.851562
-293.701172, -155.029297, 1202.636719
-286.865234, -93.505859, 1007.812500
-140.869141, -114.013672, 803.222656
-31.982422, -129.150391, 606.445312
25.878906, -99.853516, 577.148438
20.507812, -106.201172, 552.734375
-,-,-
-41.748047, -70.068359, 724.609375
-93.994141, -54.443359, 762.207031
-21.728516, -19.287109, 869.140625
-101.806641, 36.132812, 1000.000000
-104.736328, 19.531250, 1168.945312
-80.810547, 0.488281, 1283.203125
4.394531, -52.490234, 1351.074219
29.296875, -126.708984, 1346.679688
49.804688, -73.486328, 1340.820312
127.441406, -75.439453, 1213.867188
110.839844, -28.076172, 1074.707031
148.437500, -42.236328, 985.351562
198.730469, -48.095703, 851.562500
189.941406, -50.537109, 732.421875
207.031250, -81.787109, 684.570312
216.308594, -107.177734, 580.078125
209.472656, -105.224609, 498.046875
20.996094, -83.740234, 521.972656
-33.447266, -83.740234, 542.968750
-283.935547, -61.279297, 627.929688
-335.205078, -64.208984, 674.316406
-406.494141, -164.794922, 873.535156
-433.837891, -154.052734, 953.125000
-301.025391, -196.044922, 1108.398438
-318.603516, -139.892578, 1280.273438
-402.587891, -57.373047, 1364.257812
-259.521484, -106.201172, 1499.023438
-724.853516, 88.867188, 1677.246094
-441.162109, -17.333984, 1362.304688
-433.349609, 61.523438, 1148.437500
-579.345703, 96.679688, 1136.230469
-522.216797, -31.494141, 1105.468750
-517.822266, -96.435547, 1025.878906
-388.916016, -87.646484, 957.519531
-317.626953, -109.130859, 796.875000
-245.849609, -120.849609, 699.707031
-,-,-
232.421875, -114.990234, 845.703125
47.851562, -27.587891, 917.968750
81.542969, -57.861328, 913.574219
-8.544922, 11.230469, 1516.601562
-57.861328, -43.212891, 1353.515625
25.878906, -104.248047, 1473.632812
70.800781, -134.033203, 1474.609375
130.371094, -193.115234, 1286.621094
211.914062, -179.443359, 1075.195312
224.121094, -136.474609, 824.218750
181.640625, -105.224609, 710.937500
142.578125, -58.837891, 653.808594
49.804688, -25.146484, 617.187500
11.230469, -26.123047, 562.500000
-95.458984, -77.880859, 512.695312
-141.357422, -63.232422, 501.464844
-170.166016, -13.427734, 502.441406
-234.130859, -39.794922, 568.359375
-326.904297, -16.845703, 708.984375
-315.185547, -55.908203, 881.835938
-406.982422, -69.091797, 1115.234375
-250.732422, -169.677734, 1282.226562
-480.224609, -74.951172, 1482.910156
-352.783203, -87.158203, 1416.503906
-338.134766, -77.880859, 1334.960938
-452.392578, 54.687500, 1259.277344
-371.826172, -3.662109, 1077.148438
-465.576172, -43.212891, 1036.132812
-638.427734, -38.818359, 1076.171875
-761.474609, -63.232422, 1274.414062
-638.916016, -162.841797, 1219.238281
-437.255859, -200.927734, 1064.941406
-290.771484, -166.748047, 893.066406
-197.509766, -129.638672, 755.859375
-110.107422, -122.802734, 670.898438
37.109375, -219.970703, 565.917969
-,-,-
14.160156, -139.404297, 937.988281
-6.103516, -67.138672, 935.058594
-162.353516, -87.158203, 1078.125000
-234.619141, -35.888672, 1121.093750
-274.169922, -83.740234, 1247.070312
-384.033203, 9.765625, 1366.210938
-351.318359, 10.742188, 1395.996094
-279.052734, -13.916016, 1335.937500
-153.564453, -48.583984, 1261.230469
20.507812, -152.099609, 1086.914062
140.625000, -119.873047, 924.804688
170.410156, -77.880859, 817.382812
251.953125, -93.505859, 700.683594
298.339844, -125.732422, 656.738281
319.824219, -223.388672, 670.898438
189.941406, -176.025391, 583.007812
53.710938, -80.810547, 487.304688
-23.193359, -26.611328, 469.726562
-68.603516, -1.708984, 496.093750
-281.005859, 15.625000, 641.601562
-387.939453, -26.123047, 744.140625
-508.544922, -114.990234, 927.734375
-495.849609, -151.123047, 997.070312
-140.869141, -316.650391, 1105.468750
44.433594, -335.205078, 1188.476562
-55.908203, -115.478516, 1299.804688
-48.583984, -107.177734, 1408.691406
-683.837891, -2.197266, 1837.890625
-72.021484, -78.857422, 1410.156250
47.851562, 7.812500, 764.160156
-284.912109, 88.378906, 770.507812
-224.853516, -75.927734, 923.828125
-183.349609, -138.427734, 904.296875
-341.552734, -154.052734, 911.621094
-440.673828, -204.833984, 1121.093750
-490.478516, -148.681641, 1078.125000
-431.884766, -207.763672, 1105.468750
-456.787109, -177.001953, 1169.921875
-354.248047, -176.513672, 1116.210938
-272.216797, -199.951172, 1054.687500
-249.267578, -158.935547, 981.933594
-185.791016, -206.787109, 924.804688
-,-,-
-72.509766, -90.576172, 1108.886719
-105.712891, -137.451172, 1189.453125
-83.251953, -142.333984, 1200.683594
-52.001953, -128.173828, 1250.000000
-79.345703, -66.162109, 1228.515625
-29.052734, -30.029297, 1192.382812
27.343750, -56.884766, 1230.468750
114.746094, -114.013672, 1137.695312
127.441406, -59.326172, 1020.507812
101.074219, -4.638672, 911.621094
62.988281, -37.841797, 859.375000
99.609375, -110.107422, 835.937500
78.613281, -177.490234, 654.785156
-67.138672, -70.068359, 529.296875
-95.947266, -23.193359, 493.164062
-59.326172, 6.835938, 424.804688
-103.759766, 19.531250, 453.613281
-134.521484, 16.113281, 498.046875
-250.732422, -127.685547, 689.453125
-495.849609, -124.755859, 1004.394531
-444.091797, -223.388672, 1166.015625
-446.533203, -145.751953, 1242.675781
-400.146484, -110.107422, 1311.523438
-326.416016, -52.490234, 1332.519531
-424.072266, 12.695312, 1382.812500
-239.990234, 26.367188, 1284.179688
-251.708984, -64.208984, 1295.898438
-364.990234, -102.783203, 1223.632812
-355.712891, -102.294922, 1129.394531
-467.529297, -88.623047, 1224.121094
-488.037109, -78.857422, 1115.234375
-486.572266, -45.166016, 1104.492188
-387.939453, -34.912109, 1039.550781
-287.353516, -47.607422, 854.492188
-189.697266, -82.275391, 785.644531
-99.365234, -97.412109, 699.218750
-27.587891, -72.509766, 625.976562
8.789062, -72.021484, 637.695312
-,-,-
-161.865234, -52.001953, 1000.488281
-131.103516, -56.884766, 974.609375
-153.564453, -124.755859, 948.242188
-158.935547, -34.912109, 1066.894531
-153.564453, -99.853516, 1047.851562
-214.599609, -66.162109, 1300.781250
-160.400391, -52.490234, 1347.656250
-31.494141, -130.615234, 1358.398438
81.054688, -155.029297, 1309.082031
139.160156, -213.134766, 1219.238281
234.375000, -127.685547, 1014.648438
280.761719, -81.787109, 891.601562
262.207031, -53.466797, 728.515625
202.636719, -54.443359, 702.148438
159.667969, -107.177734, 678.222656
47.851562, -139.404297, 613.281250
-40.771484, -155.029297, 545.898438
-182.373047, -135.498047, 468.750000
-279.541016, -138.427734, 516.601562
-270.263672, -97.412109, 526.855469
-290.771484, -180.419922, 651.855469
-273.681641, -188.720703, 916.503906
-167.236328, -219.970703, 1066.406250
-278.564453, -109.130859, 1221.191406
-110.595703, -95.458984, 1369.140625
-152.587891, -56.884766, 1282.226562
-132.080078, 38.085938, 1268.554688
-226.806641, 17.089844, 1494.140625
-306.396484, 35.156250, 1413.085938
-75.927734, 107.421875, 989.257812
-203.369141, 112.304688, 864.257812
-525.146484, 173.828125, 1017.578125
-624.755859, 70.312500, 1137.207031
-787.841797, 65.429688, 1297.851562
-680.419922, -48.583984, 1311.035156
-544.677734, -104.736328, 1179.687500
-439.697266, -63.232422, 983.398438
-279.541016, -54.443359, 723.144531
-123.779297, -178.466797, 540.039062
-,-,-
-114.990234, -145.751953, 1215.820312
-159.423828, -197.021484, 1142.578125
-196.044922, -183.349609, 1308.105469
-175.537109, -154.052734, 1308.105469
-178.955078, -127.685547, 1330.566406
-83.740234, -148.681641, 1326.171875
-10.986328, -124.755859, 1227.539062
114.746094, -171.630859, 1137.695312
161.132812, -161.376953, 989.257812
149.414062, -82.763672, 879.882812
155.273438, -87.158203, 772.460938
171.875000, -95.458984, 686.523438
86.425781, -34.912109, 525.390625
-2.685547, -29.541016, 453.125000
-188.232422, -11.474609, 475.097656
-235.595703, -124.755859, 508.789062
-186.767578, -206.298828, 467.773438
-173.583984, -166.748047, 572.265625
-79.833984, -262.939453, 659.667969
-339.111328, -179.443359, 1087.402344
-351.318359, -118.408203, 1183.593750
-455.322266, -53.466797, 1420.410156
-292.236328, -49.560547, 1609.863281
-488.037109, 124.023438, 1411.621094
-643.798828, 200.683594, 1323.242188
-430.908203, 22.460938, 1278.320312
-546.630859, 138.671875, 1086.425781
-625.732422, 115.234375, 1012.695312
-707.275391, 3.417969, 1072.265625
-584.716797, -134.521484, 1060.546875
-440.673828, -178.466797, 904.296875
-406.982422, -38.818359, 807.617188
-,-,-
-26.611328, -89.111328, 1002.441406
-34.423828, -128.662109, 1021.972656
-120.361328, -169.677734, 1225.097656
-208.740234, -79.833984, 1354.003906
-114.013672, -130.126953, 1493.164062
-19.775391, -139.404297, 1408.203125
58.105469, -166.748047, 1291.015625
140.625000, -145.263672, 1092.773438
188.476562, -118.408203, 878.906250
152.832031, -58.837891, 751.953125
151.367188, -8.544922, 604.492188
92.285156, -31.982422, 609.863281
-1.220703, -102.783203, 576.171875
-180.908203, -47.607422, 573.242188
-287.353516, -37.841797, 623.046875
-305.908203, -63.232422, 601.562500
-187.255859, -66.162109, 541.015625
-246.826172, -129.638672, 685.546875
-318.603516, -46.630859, 876.953125
-293.212891, -145.751953, 1000.000000
-240.966797, -87.158203, 1195.312500
-416.259766, -26.611328, 1366.210938
-354.248047, -13.916016, 1316.406250
-255.126953, -90.087891, 1307.128906
-359.130859, 21.484375, 1149.414062
-477.783203, 87.402344, 1082.031250
-563.720703, 138.671875, 1091.308594
-665.283203, 121.093750, 1073.242188
-607.666016, -26.611328, 1150.390625
-640.380859, -65.185547, 1222.167969
-697.509766, 18.066406, 1127.929688
-544.677734, -72.021484, 979.980469
-393.310547, -129.638672, 800.781250
-,-,-
2.929688, -188.720703, 1344.726562
-67.138672, -132.568359, 1327.636719
-66.162109, -123.779297, 1276.367188
-140.869141, -86.669922, 1284.667969
-104.736328, -157.470703, 1249.023438
6.835938, -167.724609, 1131.835938
67.382812, -180.419922, 1019.531250
69.824219, -139.404297, 889.160156
10.742188, -82.763672, 835.449219
6.347656, -73.974609, 753.906250
-88.623047, -58.349609, 715.332031
-128.662109, -37.841797, 605.468750
-144.287109, -34.912109, 559.570312
-224.853516, -23.193359, 507.812500
-301.513672, 55.664062, 544.433594
-241.943359, 54.687500, 563.964844
-272.216797, -31.494141, 751.953125
-278.076172, -25.146484, 875.488281
-349.365234, -111.572266, 1103.515625
-388.916016, -110.107422, 1257.812500
-435.302734, -73.486328, 1354.980469
-511.474609, 7.812500, 1388.671875
-481.201172, 50.781250, 1267.089844
-459.716797, 41.992188, 1250.976562
-575.439453, 125.000000, 1218.750000
-682.861328, -6.591797, 1240.722656
-773.681641, -5.615234, 1254.882812
-624.267578, -69.580078, 1085.937500
-,-,-
-34.423828, -298.583984, 1407.226562
-151.611328, -219.970703, 1422.851562
-135.498047, -191.650391, 1323.730469
-183.349609, -122.802734, 1238.769531
-143.310547, -101.806641, 1169.921875
-45.166016, -142.333984, 1086.914062
71.289062, -82.763672, 1000.488281
162.109375, -147.216797, 829.589844
171.386719, -109.130859, 761.230469
95.214844, -87.158203, 622.070312
38.574219, -110.107422, 550.781250
-63.720703, -63.232422, 538.085938
-53.466797, -12.451172, 458.984375
-244.873047, -15.380859, 528.320312
-389.892578, 15.625000, 706.054688
-396.728516, -25.146484, 730.468750
-483.642578, 3.906250, 890.136719
-399.169922, 47.851562, 905.273438
-219.482422, -102.783203, 965.820312
-221.923828, -106.201172, 1219.238281
-245.361328, -112.548828, 1212.890625
-270.751953, -142.333984, 1352.050781
-406.494141, -30.029297, 1329.589844
-346.435547, -11.962891, 1190.429688
-367.431641, -17.333984, 1129.882812
-370.849609, 54.687500, 1033.691406
-510.986328, -28.564453, 1163.085938
-621.826172, -291.259766, 1520.019531
-517.822266, -407.958984, 1490.234375
-395.751953, -270.263672, 1122.070312
-242.431641, -167.724609, 841.796875
-162.353516, -55.908203, 633.300781
-138.427734, -40.283203, 539.550781
-117.919922, -85.693359, 391.113281
-,-,-
248.535156, -184.326172, 1193.359375
-154.052734, -142.822266, 1365.722656
-287.353516, -30.029297, 1457.031250
-332.275391, -6.591797, 1363.281250
-179.443359, -81.787109, 1377.929688
0.488281, -223.388672, 1231.445312
120.605469, -207.763672, 1176.269531
186.035156, -236.083984, 963.378906
182.617188, -205.810547, 973.632812
173.339844, -161.376953, 809.082031
166.503906, -96.435547, 646.484375
154.296875, -98.388672, 505.371094
2.441406, -29.052734, 444.335938
-95.458984, 32.226562, 394.531250
-73.486328, 43.457031, 317.382812
-134.033203, -69.091797, 437.011719
-246.826172, -23.193359, 539.062500
-421.142578, -129.638672, 748.046875
-625.244141, 7.812500, 1060.546875
-370.361328, 34.179688, 1147.460938
-296.630859, -26.123047, 1345.703125
-658.447266, 428.710938, 1366.210938
-554.931641, 161.621094, 1401.367188
-513.427734, 16.601562, 1335.937500
-528.564453, 144.042969, 1125.976562
-548.095703, 50.781250, 1130.371094
-655.517578, -69.091797, 1148.437500
-639.404297, -206.787109, 1271.484375
-576.904297, -228.271484, 1245.117188
-496.337891, -114.013672, 1014.648438
-409.423828, -35.888672, 780.761719
-309.814453, -29.541016, 545.410156
-206.298828, -94.482422, 459.960938
-,-,-
216.308594, -165.771484, 956.054688
43.457031, -86.669922, 953.125000
-55.419922, -65.185547, 1073.242188
-174.560547, -27.587891, 1242.675781
-183.837891, 8.789062, 1419.921875
-102.783203, -32.958984, 1467.773438
-31.494141, -73.486328, 1415.039062
69.824219, -86.181641, 1262.207031
162.109375, -103.759766, 1067.871094
153.320312, -71.044922, 910.156250
174.804688, -26.611328, 727.539062
250.000000, -43.212891, 503.417969
88.378906, -26.123047, 450.195312
-86.181641, 13.671875, 438.964844
-175.537109, -96.435547, 450.195312
-267.333984, -91.064453, 463.867188
-182.373047, -104.736328, 339.843750
-280.517578, -156.005859, 588.867188
-370.361328, -41.259766, 823.242188
-513.427734, -68.115234, 1296.875000
-504.638672, 81.054688, 1413.574219
-536.376953, 122.070312, 1455.078125
-597.900391, 135.742188, 1466.796875
-451.904297, 85.449219, 1250.000000
-315.673828, -40.283203, 1133.300781
-549.072266, 190.917969, 1046.386719
-511.962891, -134.521484, 1211.914062
-753.173828, 49.804688, 1317.382812
-519.775391, -197.998047, 1193.359375
-245.849609, -427.490234, 1064.453125
-191.650391, -314.208984, 852.050781
-120.361328, -261.962891, 678.710938
-188.720703, -146.728516, 436.035156
-,-,-
130.859375, -77.880859, 850.585938
86.425781, -73.486328, 896.972656
-21.728516, -29.052734, 957.519531
-26.611328, -78.857422, 1095.703125
-95.947266, -27.587891, 1283.691406
-124.755859, -48.583984, 1497.070312
-137.939453, -61.279297, 1516.601562
-38.818359, -52.490234, 1352.050781
56.640625, -78.857422, 1180.175781
140.136719, -78.857422, 952.148438
142.089844, -49.560547, 852.050781
100.585938, -15.380859, 748.046875
88.378906, -54.443359, 576.171875
8.789062, -25.146484, 501.464844
-167.236328, 53.710938, 519.531250
-235.595703, 7.812500, 477.050781
-224.365234, -19.287109, 475.585938
-161.865234, -24.658203, 545.410156
-188.232422, -83.740234, 633.300781
-364.013672, 57.128906, 870.605469
-354.248047, 13.183594, 918.945312
-318.115234, -69.091797, 1166.015625
-473.876953, 30.273438, 1224.121094
-520.751953, 53.222656, 1245.117188
-510.009766, -24.169922, 1419.921875
-388.916016, 24.414062, 1338.867188
-397.705078, 122.070312, 1280.273438
-353.271484, 90.820312, 1231.445312
-514.404297, 33.691406, 1231.445312
-560.791016, 5.859375, 1394.042969
-566.162109, -84.228516, 1200.683594
-450.927734, -150.146484, 1101.562500
-269.775391, -238.037109, 942.382812
-236.572266, -168.701172, 750.976562
-267.333984, -129.638672, 622.070312
-191.162109, -108.154297, 500.488281
-137.939453, -183.349609, 484.375000
-,-,-
242.187500, -152.099609, 944.335938
-8.056641, -82.763672, 1061.523438
-25.146484, -160.400391, 1155.761719
-78.857422, -147.216797, 1316.406250
-105.224609, -65.185547, 1438.964844
35.644531, -132.080078, 1364.257812
119.140625, -124.267578, 1219.238281
139.160156, -127.685547, 1027.832031
132.324219, -90.576172, 864.257812
63.964844, -0.244141, 757.812500
62.011719, 2.929688, 635.253906
34.179688, 1.953125, 667.968750
13.183594, -49.560547, 551.757812
-30.517578, -56.396484, 584.960938
-102.783203, -76.904297, 596.679688
-191.162109, -4.638672, 573.242188
-305.908203, 17.089844, 679.687500
-369.384766, 104.980469, 812.011719
-172.119141, -21.240234, 702.148438
-249.755859, -34.912109, 1001.464844
-261.962891, 5.859375, 1086.914062
-283.935547, -43.212891, 1140.625000
-503.173828, 62.500000, 1412.109375
-329.833984, 8.789062, 1285.644531
-298.095703, -10.498047, 1395.019531
-314.208984, 91.796875, 1305.175781
-402.587891, 171.875000, 1210.937500
-389.892578, 88.378906, 1144.531250
-425.537109, -31.005859, 1250.000000
-423.583984, -87.158203, 1224.121094
-370.361328, -152.099609, 1260.742188
-351.806641, -106.201172, 1174.804688
-223.876953, -116.455078, 1075.195312
-218.505859, -73.974609, 793.945312
-173.583984, 4.882812, 481.445312
-190.673828, 37.109375, 434.570312
-,-,-
-46.142578, -73.974609, 964.355469
-176.513672, -56.396484, 1027.832031
-286.376953, -34.912109, 1227.539062
-199.462891, -90.576172, 1277.343750
-124.755859, -86.181641, 1357.910156
-115.478516, -31.494141, 1360.351562
-72.509766, -64.208984, 1265.136719
-47.119141, -15.380859, 1189.453125
53.710938, -63.232422, 1094.726562
64.941406, -28.564453, 965.820312
40.039062, 17.089844, 893.066406
48.828125, -16.357422, 733.398438
43.457031, -52.490234, 599.609375
15.625000, -46.142578, 454.589844
12.207031, -72.509766, 401.367188
-90.576172, -23.193359, 437.500000
-72.998047, -12.451172, 415.039062
-105.224609, -72.998047, 546.386719
-281.494141, -88.134766, 776.367188
-332.275391, -122.802734, 928.710938
-536.376953, -47.119141, 1277.343750
-420.654297, -21.240234, 1302.734375
-327.880859, 17.089844, 1347.167969
-326.904297, 18.554688, 1368.164062
-282.958984, 35.156250, 1298.828125
-369.384766, 76.660156, 1312.500000
-511.962891, 129.394531, 1278.808594
-461.669922, -6.591797, 1201.171875
-496.337891, -10.986328, 1241.699219
-352.783203, -181.884766, 1225.097656
-405.517578, -110.107422, 1169.921875
-278.076172, -116.455078, 1049.804688
-240.966797, -107.177734, 805.175781
-175.537109, -12.939453, 588.867188
-127.197266, -25.146484, 550.781250
-,-,-
98.632812, -159.912109, 979.980469
-146.728516, 51.757812, 1078.125000
-114.501953, -91.552734, 1117.187500
-237.060547, -53.466797, 1247.070312
-274.658203, -136.474609, 1359.375000
-220.458984, -167.724609, 1418.945312
-137.451172, -116.455078, 1299.804688
-72.998047, -50.537109, 1238.769531
19.042969, -70.068359, 1091.308594
63.964844, -16.845703, 1019.531250
73.242188, 30.273438, 881.835938
53.710938, 29.785156, 810.546875
42.968750, 12.695312, 764.648438
100.097656, -65.185547, 709.960938
79.101562, -87.158203, 635.742188
-4.638672, -31.982422, 586.425781
-67.138672, -2.197266, 590.332031
-152.099609, 3.906250, 603.515625
-129.150391, 8.789062, 601.562500
-173.095703, 8.789062, 617.675781
-212.158203, -4.638672, 692.382812
-295.654297, -43.212891, 839.843750
-457.275391, 18.066406, 983.398438
-464.111328, 55.664062, 1012.695312
-426.513672, 9.765625, 1155.761719
-543.212891, 100.585938, 1167.968750
-344.970703, 14.160156, 1225.097656
-370.361328, 63.476562, 1394.042969
-221.923828, 39.062500, 1348.144531
-419.677734, 75.683594, 1366.210938
-488.037109, 230.468750, 1167.968750
-470.947266, 8.789062, 1238.769531
-607.666016, 0.000000, 1285.644531
-506.103516, -143.310547, 1229.492188
-454.833984, -134.521484, 1091.308594
-286.865234, -119.873047, 887.695312
-225.830078, -58.837891, 688.476562
-185.791016, -34.912109, 589.843750
-125.732422, -80.810547, 514.648438
-,-,-
-74.462891, -99.853516, 1092.285156
-93.505859, -66.162109, 1079.101562
-200.927734, 15.136719, 1188.476562
-189.697266, 47.851562, 1287.597656
-212.158203, 13.671875, 1340.820312
-140.869141, -26.611328, 1363.281250
30.761719, -81.787109, 1229.492188
45.410156, -49.560547, 1086.425781
88.378906, 20.507812, 913.574219
105.468750, 53.710938, 854.492188
108.886719, 72.753906, 714.355469
146.972656, 45.410156, 615.234375
127.441406, 46.875000, 547.851562
65.917969, 9.765625, 493.164062
-42.236328, -74.951172, 601.562500
-57.861328, -111.083984, 665.039062
-20.751953, -160.400391, 628.417969
-132.080078, -49.560547, 711.914062
-212.646484, -10.498047, 730.468750
-401.123047, 0.488281, 931.640625
-414.306641, -18.310547, 986.328125
-414.794922, -66.162109, 1141.601562
-498.291016, 53.710938, 1283.691406
-406.005859, 70.800781, 1233.398438
-296.630859, 109.375000, 1360.351562
-212.158203, 85.937500, 1405.273438
-399.169922, 237.792969, 1589.843750
-342.041016, 290.039062, 1221.191406
-387.451172, 188.476562, 1235.839844
-465.087891, 109.375000, 1327.636719
-378.662109, -60.791016, 1184.570312
-404.541016, 22.460938, 1049.804688
-244.873047, -22.216797, 831.542969
-159.912109, 56.640625, 573.242188
-298.095703, 158.203125, 673.339844
-143.310547, 48.828125, 578.125000
-60.302734, -47.119141, 588.378906
-,-,-
-100.341797, -19.287109, 919.921875
-208.740234, 15.136719, 1143.554688
-368.408203, 68.847656, 1285.644531
-322.021484, 29.785156, 1383.789062
-213.134766, -19.287109, 1395.019531
-136.474609, -28.564453, 1294.921875
-34.912109, -37.841797, 1151.367188
25.878906, 4.882812, 955.566406
44.433594, 32.714844, 841.796875
99.609375, 83.007812, 745.117188
128.906250, 47.851562, 638.671875
117.187500, 2.929688, 668.945312
21.484375, 11.718750, 678.710938
22.949219, -5.615234, 600.585938
-35.888672, -18.310547, 587.402344
-76.416016, -89.599609, 545.410156
-210.205078, -77.880859, 642.578125
-290.771484, -98.876953, 616.210938
-497.314453, -109.130859, 861.328125
-474.853516, -73.974609, 938.964844
-430.419922, -39.794922, 1019.531250
-528.564453, 58.105469, 1306.152344
-501.708984, 109.375000, 1390.625000
-517.822266, 98.144531, 1551.757812
-558.349609, 42.480469, 1611.816406
-582.275391, 61.035156, 1430.664062
-603.271484, 127.929688, 1291.015625
-523.193359, 4.394531, 1200.195312
-444.580078, 7.812500, 986.328125
-411.865234, -24.658203, 839.843750
-276.123047, -144.287109, 689.453125
-183.837891, -160.400391, 579.101562
-209.228516, -84.228516, 488.281250
-111.083984, -119.384766, 498.046875
-,-,-
-156.005859, 9.765625, 996.093750
-274.169922, 1.464844, 1182.617188
-399.169922, 52.734375, 1338.867188
-316.162109, 53.710938, 1368.652344
-244.873047, 44.433594, 1332.031250
-140.869141, 1.464844, 1283.203125
-59.326172, 2.441406, 1227.539062
32.226562, -8.544922, 1126.953125
18.554688, 48.828125, 1048.828125
33.691406, 100.585938, 903.320312
42.968750, 91.796875, 812.500000
64.941406, 10.742188, 726.562500
101.074219, -13.427734, 687.500000
28.320312, -11.474609, 614.746094
-33.935547, 4.882812, 568.847656
-70.556641, -0.244141, 460.449219
-101.806641, -51.513672, 493.164062
-88.134766, -89.599609, 518.066406
-169.677734, -156.982422, 736.328125
-271.240234, -126.708984, 878.906250
-287.353516, -131.103516, 1000.000000
-504.150391, -90.087891, 1309.570312
-467.041016, 61.035156, 1401.367188
-240.966797, 48.828125, 1283.203125
-156.005859, 56.152344, 1323.242188
-349.365234, 214.843750, 1311.035156
-451.904297, 158.203125, 1394.042969
-521.728516, 192.382812, 1407.226562
-438.720703, 45.410156, 1309.082031
-537.841797, 8.789062, 1301.757812
-465.087891, -82.275391, 1190.429688
-408.447266, -89.599609, 918.457031
-279.541016, -63.232422, 641.601562
-180.419922, -85.205078, 432.128906
-50.048828, -129.150391, 386.718750
-,-,-
-139.892578, -44.189453, 1137.695312
-140.869141, -61.279297, 1203.613281
-319.091797, 82.031250, 1365.234375
-280.517578, 117.675781, 1352.050781
-212.646484, 24.414062, 1364.257812
-207.763672, 16.601562, 1310.546875
-48.583984, -73.486328, 1149.414062
15.136719, -56.884766, 975.585938
-26.123047, -35.888672, 864.257812
111.328125, -31.005859, 746.093750
81.542969, 36.132812, 685.546875
41.015625, 138.183594, 651.855469
102.050781, 63.476562, 647.949219
-9.521484, 46.875000, 661.132812
-108.642578, 57.128906, 604.492188
-85.693359, -96.435547, 566.894531
-132.568359, -88.134766, 585.449219
-177.001953, -141.845703, 651.855469
-353.271484, -113.037109, 864.746094
-139.404297, -34.912109, 935.058594
-167.724609, -167.724609, 1234.375000
-184.326172, 85.937500, 1249.023438
24.902344, 15.136719, 1485.839844
-182.373047, 124.023438, 1522.460938
-156.982422, 48.828125, 1466.796875
-181.396484, 22.949219, 1368.164062
-354.248047, 224.609375, 1184.570312
-366.943359, 74.707031, 1218.750000
-502.685547, 73.730469, 1294.921875
-406.982422, -21.240234, 1165.039062
-319.580078, -108.154297, 1024.902344
-293.212891, -70.556641, 843.261719
-128.173828, -117.919922, 632.324219
-106.689453, -90.576172, 569.335938
-70.068359, -110.107422, 601.562500
-,-,-
-123.779297, 45.410156, 1055.664062
-287.841797, 166.015625, 1133.300781
-315.185547, 126.953125, 1335.937500
-266.357422, 113.281250, 1381.835938
-190.673828, 66.406250, 1355.468750
-59.326172, 5.859375, 1245.117188
-34.912109, 25.878906, 1152.832031
-31.494141, 70.800781, 1043.457031
-14.404297, 115.234375, 956.054688
8.789062, 132.324219, 850.097656
-17.333984, 125.000000, 809.082031
-21.728516, 94.726562, 759.765625
75.683594, -17.333984, 676.757812
33.203125, -13.916016, 533.203125
13.183594, -31.494141, 404.296875
8.300781, -137.451172, 375.976562
-145.751953, -119.384766, 457.519531
-322.998047, -119.873047, 619.140625
-489.013672, -28.564453, 790.039062
-629.150391, -78.857422, 1062.988281
-526.123047, -49.560547, 1060.546875
-397.705078, -91.552734, 1280.273438
-357.177734, 108.398438, 1221.191406
-225.341797, 201.660156, 1316.406250
-512.451172, 242.187500, 1671.875000
-562.744141, 286.132812, 1629.394531
-232.177734, 212.890625, 1023.925781
-532.958984, 327.148438, 1125.000000
-544.189453, 248.535156, 1187.500000
-491.943359, 145.996094, 1099.609375
-450.927734, 67.382812, 1057.617188
-281.494141, -101.806641, 1041.992188
-207.275391, -136.474609, 955.566406
-167.236328, 7.812500, 817.382812
-86.669922, -51.513672, 771.484375
-92.529297, -41.748047, 562.988281
-66.162109, -50.537109, 454.589844
-1.220703, -93.505859, 480.468750
-,-,-
-128.173828, 61.523438, 1157.226562
-217.041016, 94.726562, 1163.085938
-344.970703, 164.062500, 1283.203125
-308.837891, 167.480469, 1267.089844
-223.876953, 78.125000, 1215.820312
-76.416016, -71.044922, 1188.476562
-48.583984, 5.859375, 1003.417969
-48.583984, 20.507812, 916.503906
33.203125, -45.166016, 810.058594
-42.724609, -21.240234, 775.390625
-24.658203, -108.154297, 696.777344
3.417969, -190.673828, 634.277344
-101.806641, -152.099609, 563.476562
-143.310547, -123.779297, 522.949219
-160.400391, -20.263672, 524.414062
-121.337891, -82.275391, 629.394531
-291.748047, -26.123047, 895.019531
-160.888672, 61.523438, 857.421875
-115.966797, 67.382812, 951.171875
-196.044922, 105.468750, 1157.226562
-141.357422, 181.152344, 1070.800781
-244.873047, 108.398438, 1242.675781
-411.865234, 148.925781, 1339.843750
-306.884766, 11.718750, 1374.023438
-544.677734, 170.898438, 1470.703125
-619.873047, 348.144531, 1482.910156
-621.826172, 286.132812, 1385.742188
-518.798828, 69.335938, 1290.039062
-404.052734, -130.126953, 1068.847656
-287.353516, -245.849609, 747.070312
-205.810547, -325.927734, 608.886719
-194.091797, -205.322266, 520.507812
-,-,-
62.500000, -54.443359, 896.972656
-77.392578, 22.460938, 1015.625000
-155.029297, 78.125000, 1097.656250
-76.416016, 79.101562, 1276.367188
-173.095703, 176.269531, 1392.089844
-83.251953, 135.742188, 1476.562500
32.714844, 50.781250, 1284.179688
16.601562, -5.615234, 1162.109375
29.296875, -31.005859, 883.789062
22.460938, -57.861328, 694.335938
-26.611328, -64.208984, 427.734375
-23.193359, -90.576172, 289.062500
-161.865234, -46.630859, 283.691406
-117.919922, -87.158203, 272.460938
-112.060547, -115.478516, 350.097656
-299.072266, -132.080078, 601.562500
-467.529297, -73.974609, 875.976562
-530.517578, -75.927734, 1149.414062
-692.138672, -18.310547, 1309.570312
-523.193359, 15.136719, 1455.078125
-1092.041016, 262.695312, 1614.746094
-542.236328, 99.609375, 1736.328125
91.796875, 15.625000, 940.429688
-331.787109, 184.570312, 970.703125
-572.998047, 93.750000, 1221.191406
-546.630859, 24.414062, 1111.816406
-694.580078, 207.031250, 1169.433594
-581.298828, 132.324219, 1239.257812
-430.908203, 83.007812, 1160.156250
-287.353516, -71.044922, 991.210938
-213.134766, -171.630859, 681.152344
-109.619141, -272.216797, 493.164062
-59.326172, -197.021484, 232.421875
-41.748047, -83.740234, 373.046875
-42.724609, -137.451172, 477.050781
-,-,-
-102.294922, 33.203125, 1135.253906
-244.873047, 104.492188, 1282.714844
-374.755859, 183.593750, 1258.789062
-317.138672, 135.742188, 1255.859375
-198.486328, 73.242188, 1269.531250
-124.267578, 5.859375, 1179.687500
-34.912109, -33.935547, 1074.707031
56.152344, -12.939453, 963.867188
68.847656, 35.156250, 846.679688
116.210938, 52.734375, 772.460938
200.195312, 9.765625, 677.734375
61.523438, 74.707031, 624.023438
57.128906, -60.302734, 627.929688
-1.708984, -54.443359, 605.468750
-39.306641, -96.923828, 560.546875
-25.634766, -92.529297, 544.433594
-110.107422, -63.232422, 521.972656
-343.994141, -26.123047, 757.812500
-368.408203, -26.611328, 926.757812
-508.544922, 8.789062, 1217.773438
-482.177734, 104.492188, 1259.765625
-380.615234, 48.828125, 1355.468750
-350.341797, 120.117188, 1325.195312
-186.767578, 193.359375, 1352.050781
-285.400391, 213.867188, 1348.632812
-462.158203, 223.144531, 1432.617188
-541.748047, 147.949219, 1541.992188
-492.919922, 82.031250, 1286.621094
-313.720703, -27.099609, 1049.804688
-241.455078, -77.880859, 803.710938
-285.400391, -132.568359, 622.070312
-172.119141, -234.130859, 489.257812
-,-,-
-2.197266, 36.132812, 966.796875
-5.615234, -12.939453, 1066.894531
-120.361328, 17.089844, 1062.500000
-274.169922, 144.531250, 1221.191406
-234.619141, 159.667969, 1308.105469
-110.107422, 50.781250, 1356.445312
-111.083984, 20.507812, 1393.066406
-89.111328, -1.220703, 1221.191406
-60.791016, 2.929688, 1083.984375
-48.583984, 38.085938, 951.171875
-72.998047, 45.898438, 781.738281
-14.404297, 27.832031, 692.871094
-41.259766, 1.953125, 610.839844
120.117188, -113.525391, 565.917969
157.714844, -160.400391, 483.398438
98.632812, -115.966797, 491.210938
18.066406, -15.380859, 393.554688
-168.701172, 53.710938, 510.742188
-167.236328, -32.958984, 752.929688
-365.478516, -11.474609, 979.980469
-455.810547, -37.841797, 1264.160156
-371.337891, 16.601562, 1338.867188
-402.099609, 142.578125, 1575.683594
-307.861328, 237.792969, 1562.500000
-296.630859, 23.437500, 1585.937500
-708.740234, 307.128906, 1633.300781
-614.990234, 155.273438, 1440.917969
-566.162109, 87.402344, 1191.406250
-445.068359, -71.044922, 1004.882812
-248.291016, -197.021484, 770.507812
-198.974609, -135.498047, 495.117188
-127.685547, -78.857422, 356.445312
-,-,-
-196.533203, 18.554688, 990.234375
-235.107422, 47.851562, 1120.117188
-193.115234, 37.109375, 1217.285156
-227.783203, 21.484375, 1352.050781
-257.568359, 73.730469, 1395.996094
-33.935547, -55.419922, 1234.375000
64.453125, -57.861328, 1012.695312
68.847656, 41.992188, 898.437500
127.929688, 41.992188, 699.707031
45.898438, 107.421875, 561.523438
1.953125, 99.121094, 495.117188
-79.345703, 84.960938, 420.898438
-127.197266, -42.236328, 378.906250
-192.138672, -75.927734, 453.125000
-127.197266, -104.736328, 451.171875
-348.388672, -72.021484, 637.695312
-386.962891, -20.263672, 830.078125
-469.482422, -53.466797, 1004.394531
-652.099609, 34.179688, 1376.464844
-405.029297, -12.451172, 1344.726562
-361.572266, 60.058594, 1389.648438
-285.400391, 140.625000, 1328.613281
-187.744141, 47.851562, 1290.527344
-505.126953, 267.578125, 1314.453125
-462.646484, 49.804688, 1349.609375
-576.904297, 82.031250, 1307.128906
-613.037109, 57.128906, 1278.320312
-578.369141, 32.714844, 1148.437500
-485.595703, -36.865234, 925.781250
-356.201172, -15.380859, 600.585938
-212.158203, -73.486328, 416.015625
-,-,-
-73.486328, -137.451172, 914.550781
28.320312, -178.955078, 898.437500
-75.439453, -115.478516, 947.265625
-115.966797, -83.251953, 1085.937500
-75.439453, -41.748047, 1245.117188
-129.638672, 47.851562, 1487.304688
-15.380859, -46.142578, 1411.132812
142.578125, -121.826172, 1281.250000
253.906250, -203.857422, 1147.460938
329.589844, -161.376953, 963.867188
253.417969, 39.062500, 809.082031
183.105469, 124.023438, 593.750000
103.515625, 46.875000, 578.125000
77.636719, -53.466797, 552.734375
-48.583984, -132.568359, 492.187500
-178.955078, -239.013672, 552.734375
-236.572266, -211.669922, 489.257812
-313.720703, -236.083984, 607.910156
-239.990234, -208.740234, 675.292969
-29.541016, -300.537109, 812.011719
-209.716797, -235.595703, 1239.746094
-25.146484, -199.951172, 1243.164062
-133.056641, -114.990234, 1397.949219
-131.103516, 89.355469, 1304.199219
19.042969, -13.427734, 1174.316406
-6.103516, -28.564453, 1241.699219
-188.232422, 156.738281, 1174.316406
-283.935547, 95.703125, 1190.429688
-522.216797, 184.570312, 1390.625000
-469.482422, 26.367188, 1511.718750
-476.318359, 30.761719, 1464.843750
-331.298828, -22.216797, 1233.398438
-220.947266, -113.037109, 996.582031
-104.248047, -161.376953, 776.367188
-16.357422, -173.095703, 494.140625
-,-,-
72.265625, -113.037109, 955.078125
34.179688, -117.431641, 1078.125000
-40.771484, -119.384766, 1258.300781
-204.345703, -2.197266, 1358.398438
-238.525391, 125.976562, 1396.972656
-181.396484, 27.832031, 1356.933594
-73.974609, -13.916016, 1281.250000
41.992188, -1.708984, 1103.515625
113.769531, -6.591797, 946.289062
139.160156, 10.742188, 854.492188
150.390625, 30.273438, 788.574219
223.632812, -108.154297, 738.281250
187.500000, -130.615234, 740.722656
35.644531, -40.283203, 695.800781
-30.029297, -69.091797, 628.417969
-144.287109, -62.744141, 593.750000
-199.951172, -99.853516, 550.781250
-135.498047, -155.029297, 566.894531
-147.705078, -224.365234, 624.023438
-279.541016, -188.720703, 925.781250
-246.826172, -110.107422, 915.527344
-332.275391, -86.181641, 1277.343750
-282.958984, 45.410156, 1299.804688
-234.619141, 51.757812, 1311.523438
-265.380859, 160.156250, 1314.941406
-161.865234, 77.148438, 1242.675781
-185.791016, 24.414062, 1204.589844
-370.361328, 182.617188, 1181.640625
-433.837891, 96.679688, 1234.375000
-530.029297, 120.605469, 1304.687500
-587.646484, 175.292969, 1209.960938
-513.427734, 96.679688, 1089.355469
-466.552734, 30.761719, 1016.601562
-288.330078, -102.783203, 901.367188
-226.806641, -155.029297, 787.597656
-,-,-
2.929688, 41.503906, 963.867188
-7.080078, 8.789062, 1056.640625
-8.056641, 4.394531, 1051.757812
-58.349609, 82.031250, 1100.585938
-5.126953, 162.597656, 1287.597656
5.371094, 205.078125, 1449.218750
135.742188, 113.281250, 1416.503906
150.390625, 11.718750, 1409.179688
305.175781, -72.509766, 1274.414062
286.621094, -67.626953, 998.046875
337.890625, 47.363281, 802.246094
343.750000, 53.710938, 674.316406
313.476562, 98.632812, 545.898438
277.343750, -21.240234, 463.867188
141.601562, -2.197266, 421.875000
20.996094, -13.916016, 417.968750
-121.337891, -92.529297, 429.687500
-285.888672, -111.083984, 542.480469
-248.291016, -153.076172, 519.531250
-130.126953, -162.841797, 604.492188
-99.365234, -163.330078, 838.867188
-11.474609, -66.162109, 1264.160156
23.925781, -45.166016, 1470.703125
-80.810547, 124.023438, 1449.218750
-143.310547, 151.855469, 1668.945312
-350.341797, 107.421875, 1892.089844
-179.931641, 283.203125, 1194.335938
-519.775391, 452.636719, 1244.140625
-447.509766, 280.273438, 1252.929688
-452.392578, 178.222656, 1138.671875
-326.904297, -35.888672, 1150.878906
-261.962891, -134.521484, 987.792969
-104.736328, -220.947266, 765.625000
17.578125, -164.794922, 563.964844
114.257812, -150.146484, 419.921875
