-,-,-
33.691406, -53.466797, 995.117188
-12.451172, -80.810547, 956.054688
-31.494141, -88.134766, 916.992188
-35.400391, -107.177734, 926.757812
-31.005859, -52.490234, 890.136719
-10.498047, -6.591797, 750.976562
-61.279297, 42.480469, 593.261719
97.656250, 73.730469, 740.722656
48.339844, -66.162109, 895.996094
40.527344, -114.990234, 894.042969
24.902344, -73.974609, 956.054688
-149.169922, -120.849609, 908.203125
-160.400391, -141.357422, 1041.015625
-296.630859, -269.287109, 1026.367188
-279.052734, -345.458984, 979.003906
-23.193359, -229.248047, 1169.921875
44.433594, -174.072266, 1167.480469
46.875000, -348.876953, 1113.769531
127.441406, -191.650391, 1251.953125
154.296875, -231.689453, 1425.781250
175.781250, -267.333984, 1348.144531
75.683594, -240.966797, 1354.003906
53.710938, -251.708984, 1175.292969
30.761719, -188.720703, 1208.007812
117.675781, -117.919922, 983.886719
106.445312, -114.990234, 992.187500
207.031250, -42.236328, 931.640625
193.359375, -50.048828, 876.464844
185.058594, -59.814453, 770.507812
231.445312, 15.136719, 830.566406
127.441406, -25.634766, 639.648438
108.886719, 13.671875, 726.562500
-35.888672, -72.509766, 606.933594
-21.240234, 6.835938, 625.000000
10.742188, 74.218750, 666.015625
-77.880859, -12.451172, 676.269531
-89.111328, -13.916016, 848.144531
-118.896484, -31.005859, 838.867188
-107.666016, -68.115234, 932.617188
-153.564453, -100.830078, 962.402344
-157.958984, -119.384766, 1013.671875
-146.728516, -131.103516, 1122.070312
-251.708984, -235.595703, 1133.300781
-184.814453, -182.373047, 1204.101562
-188.232422, -216.552734, 1237.304688
-15.869141, -117.431641, 1172.851562
-184.814453, -166.748047, 1110.839844
-280.517578, -234.619141, 1059.570312
-363.525391, -273.193359, 1044.433594
-327.880859, -260.986328, 1068.847656
-189.208984, -177.978516, 1143.554688
-,-,-
25.878906, -0.732422, 973.632812
-62.255859, -55.908203, 1006.347656
-42.724609, -38.818359, 947.265625
-89.111328, -0.244141, 913.574219
-173.095703, 29.785156, 799.804688
-279.541016, 5.859375, 686.523438
-189.697266, 15.136719, 766.113281
-21.240234, -31.005859, 962.890625
-25.146484, -25.146484, 881.835938
20.019531, 10.742188, 894.042969
31.250000, -41.259766, 836.914062
-86.181641, -130.126953, 1004.882812
303.222656, -160.400391, 1111.816406
-41.748047, -222.900391, 976.562500
34.179688, -230.712891, 1166.992188
-61.279297, -323.486328, 1136.230469
45.410156, -193.115234, 1329.589844
55.664062, -183.349609, 1298.828125
49.804688, -273.681641, 1393.066406
19.042969, -364.013672, 1211.914062
78.125000, -216.064453, 1241.699219
65.429688, -183.349609, 1129.882812
285.644531, -87.646484, 982.910156
225.585938, -128.662109, 1064.453125
283.203125, -93.505859, 1036.132812
165.527344, -167.724609, 1061.523438
186.523438, -113.525391, 918.945312
91.796875, -122.802734, 982.421875
62.988281, -116.455078, 1004.394531
145.996094, -33.935547, 901.367188
150.390625, 11.718750, 887.695312
131.835938, 18.554688, 633.300781
189.453125, 21.484375, 714.843750
92.285156, -31.982422, 639.648438
185.058594, 38.085938, 734.375000
60.546875, -0.244141, 618.164062
-25.634766, -48.583984, 696.777344
-76.416016, -2.197266, 815.429688
-240.478516, -72.509766, 665.039062
-99.365234, 31.250000, 1002.441406
-162.841797, -29.541016, 710.937500
-143.310547, -63.232422, 1013.671875
-205.810547, -189.697266, 1008.789062
-278.076172, -210.693359, 1000.488281
-267.822266, -248.291016, 1086.914062
-341.552734, -267.333984, 1152.343750
-483.154297, -337.158203, 1163.085938
-399.169922, -263.916016, 1247.070312
-397.705078, -274.169922, 1113.281250
-281.982422, -179.931641, 1243.652344
-325.439453, -262.451172, 1042.968750
-188.720703, -173.583984, 1101.562500
-,-,-
31.738281, -1.708984, 1186.523438
-65.185547, -120.849609, 934.570312
-89.111328, -50.537109, 1091.308594
-45.166016, -18.310547, 940.429688
-66.162109, 79.101562, 808.593750
-80.322266, 118.652344, 701.660156
-117.919922, 98.632812, 559.570312
12.695312, 61.035156, 654.785156
120.605469, -18.310547, 968.750000
44.921875, -56.884766, 941.894531
13.671875, -119.873047, 920.898438
-155.517578, -111.083984, 924.804688
-211.181641, -167.724609, 922.851562
-279.541016, -187.744141, 1059.570312
-273.681641, -307.373047, 987.304688
729.980469, 382.812500, 1888.671875
118.652344, -182.373047, 1097.656250
224.609375, -112.060547, 1224.609375
183.593750, -271.240234, 1279.296875
165.039062, -306.884766, 1339.843750
143.554688, -364.013672, 1176.269531
94.238281, -302.490234, 1200.195312
55.664062, -260.498047, 1165.039062
136.718750, -138.427734, 1076.171875
76.660156, -149.169922, 1045.410156
217.773438, -46.142578, 1180.175781
149.902344, -127.685547, 882.812500
243.164062, 18.066406, 1132.324219
120.605469, -91.064453, 842.773438
91.796875, -76.904297, 1093.261719
157.226562, -77.880859, 898.437500
107.421875, -92.529297, 844.726562
117.187500, -77.880859, 923.828125
43.457031, -90.576172, 773.437500
89.355469, -36.865234, 737.304688
12.207031, -47.607422, 721.191406
-71.533203, -58.837891, 632.324219
91.796875, 74.218750, 685.546875
-98.876953, -14.892578, 574.218750
-130.615234, -69.580078, 683.593750
136.718750, 18.066406, 787.109375
-288.330078, -262.939453, 914.550781
-286.376953, -241.943359, 1240.722656
-223.876953, -281.982422, 1040.039062
-153.076172, -229.248047, 1090.332031
-213.623047, -248.779297, 1029.785156
-294.189453, -257.080078, 1069.824219
-244.384766, -235.595703, 1185.546875
-384.033203, -276.611328, 1265.625000
-318.603516, -214.599609, 1241.699219
-,-,-
-105.224609, -132.080078, 972.656250
82.031250, -31.494141, 999.023438
-3.173828, -81.787109, 993.164062
-72.021484, -88.623047, 965.820312
41.015625, -41.259766, 884.765625
-118.896484, -84.228516, 813.476562
16.601562, 20.507812, 781.250000
79.101562, -8.544922, 816.406250
-7.568359, -43.212891, 831.054688
-74.951172, -139.404297, 888.671875
-55.419922, -136.474609, 997.070312
-65.673828, -147.216797, 782.226562
17.089844, -168.701172, 944.335938
104.003906, -170.654297, 871.582031
120.605469, -232.177734, 964.355469
70.800781, -234.619141, 1076.171875
115.234375, -222.412109, 1072.265625
43.457031, -329.833984, 1036.132812
-2.197266, -290.771484, 1321.289062
-59.814453, -402.099609, 1232.421875
41.992188, -349.853516, 1396.972656
125.000000, -373.779297, 1288.574219
146.972656, -330.810547, 1216.308594
121.582031, -262.939453, 1006.835938
182.617188, -171.630859, 1058.593750
165.527344, -182.373047, 1073.242188
188.964844, -179.931641, 1096.191406
229.980469, -198.974609, 1004.394531
324.707031, -133.544922, 957.519531
276.367188, -141.357422, 818.359375
312.988281, -160.400391, 756.835938
308.593750, -103.271484, 828.613281
265.625000, -129.638672, 952.148438
166.503906, -155.029297, 772.460938
106.445312, -130.615234, 771.484375
159.667969, -53.466797, 750.000000
143.554688, -76.904297, 611.816406
235.839844, 28.808594, 745.117188
230.468750, -45.654297, 587.402344
115.722656, -89.599609, 732.421875
251.953125, -61.279297, 938.476562
138.183594, -152.099609, 879.882812
64.941406, -164.306641, 972.656250
28.320312, -189.697266, 991.210938
-15.380859, -204.345703, 1056.640625
-113.525391, -188.232422, 1028.320312
-165.771484, -250.244141, 992.187500
-188.232422, -274.169922, 1176.269531
-101.318359, -240.966797, 1234.375000
-121.337891, -253.662109, 1191.894531
-307.861328, -303.466797, 1118.164062
-240.478516, -238.525391, 1129.882812
-,-,-
-1.708984, -98.388672, 1041.015625
-44.189453, -66.162109, 898.925781
20.996094, -6.591797, 1022.460938
-1.220703, 14.160156, 947.265625
-111.083984, -47.119141, 875.000000
-98.388672, -26.123047, 864.257812
-183.349609, 29.785156, 850.097656
-164.306641, 3.906250, 774.414062
-168.701172, -30.517578, 770.507812
-134.033203, -65.185547, 838.867188
-74.951172, -68.115234, 955.078125
-221.923828, -189.208984, 851.074219
-61.767578, -158.447266, 952.148438
-59.326172, -262.939453, 960.449219
-129.150391, -518.310547, 865.722656
105.957031, -285.888672, 1142.578125
225.097656, -332.763672, 1269.042969
-10.986328, -449.462891, 1207.031250
234.863281, -357.177734, 1288.574219
203.125000, -374.755859, 1276.367188
353.027344, -283.935547, 1230.468750
398.925781, -287.841797, 1204.589844
245.117188, -235.595703, 1175.292969
249.023438, -159.423828, 1146.484375
194.335938, -142.333984, 1010.742188
143.554688, -143.310547, 1014.648438
66.406250, -107.177734, 944.335938
53.710938, -73.974609, 851.074219
40.039062, -55.908203, 796.875000
102.050781, 21.484375, 777.343750
212.890625, 63.476562, 767.578125
90.332031, 43.457031, 620.117188
90.820312, 13.183594, 662.109375
-58.349609, -57.861328, 689.453125
-93.994141, -72.509766, 700.683594
-90.576172, -79.833984, 767.578125
-82.275391, -101.806641, 855.468750
-46.142578, -133.056641, 932.617188
-135.009766, -225.341797, 1022.460938
-206.787109, -233.642578, 1020.996094
-275.634766, -292.236328, 1116.210938
-185.791016, -212.646484, 1168.945312
-356.689453, -254.638672, 1133.300781
-144.775391, -127.685547, 1046.386719
-79.345703, -112.060547, 1073.242188
-73.974609, -253.662109, 1134.277344
-188.232422, -373.291016, 1139.648438
-43.701172, -319.580078, 1213.867188
-35.400391, -341.552734, 1094.726562
26.367188, -287.841797, 995.117188
-,-,-
-52.001953, -118.408203, 921.875000
-175.537109, -102.783203, 831.542969
-122.802734, -158.447266, 895.019531
-206.298828, -122.314453, 914.550781
-161.376953, -50.537109, 863.281250
-202.392578, -72.509766, 758.789062
-228.271484, -54.443359, 813.476562
-226.318359, -154.052734, 685.546875
-38.330078, -127.685547, 885.742188
-93.505859, -180.908203, 826.660156
17.089844, -208.251953, 893.066406
-66.162109, -308.349609, 961.914062
-229.736328, -473.388672, 979.003906
-137.451172, -501.708984, 1125.000000
-69.580078, -502.685547, 1083.007812
-99.853516, -609.130859, 1124.511719
123.046875, -416.748047, 1284.667969
210.449219, -295.166016, 1265.136719
271.972656, -322.509766, 1116.699219
262.695312, -305.908203, 1176.269531
326.171875, -211.669922, 1160.644531
255.859375, -191.650391, 1123.046875
229.492188, -177.001953, 1070.800781
197.753906, -131.103516, 1018.554688
129.394531, -132.080078, 980.957031
87.402344, -106.201172, 941.406250
35.156250, -124.755859, 908.691406
104.003906, -56.884766, 841.796875
78.613281, -38.818359, 739.257812
157.226562, -27.099609, 810.546875
94.726562, -25.146484, 658.691406
8.789062, -74.951172, 606.445312
-54.443359, -71.533203, 644.531250
-155.029297, -74.951172, 595.703125
-61.767578, -71.044922, 819.335938
-178.955078, -128.173828, 731.445312
-2.685547, -126.708984, 1007.324219
-61.767578, -148.193359, 956.054688
82.519531, -189.697266, 986.328125
17.089844, -244.384766, 1080.078125
-101.806641, -312.255859, 1191.406250
-211.181641, -326.416016, 1182.128906
-310.791016, -265.380859, 1234.375000
-352.294922, -195.068359, 1173.828125
-406.005859, -167.724609, 1150.390625
-334.228516, -205.322266, 1156.738281
-135.009766, -205.810547, 1053.710938
-,-,-
-64.697266, -66.162109, 895.019531
-67.138672, -57.861328, 888.183594
-14.404297, -38.818359, 911.621094
-14.404297, -24.658203, 902.343750
-93.505859, -18.310547, 836.914062
-24.169922, 31.738281, 847.167969
-20.751953, 12.695312, 832.519531
-63.720703, 5.859375, 830.566406
-63.720703, -0.244141, 717.285156
43.457031, -84.716797, 924.804688
-183.349609, -130.126953, 802.246094
-191.650391, -200.927734, 849.121094
-353.271484, -398.681641, 911.132812
-147.705078, -305.419922, 971.679688
65.917969, -303.955078, 1055.664062
-1.708984, -373.779297, 1134.277344
30.761719, -291.259766, 947.265625
62.011719, -358.154297, 1091.308594
51.269531, -385.498047, 1151.367188
118.164062, -425.537109, 1322.265625
23.925781, -383.056641, 1206.542969
17.578125, -489.990234, 1297.851562
146.972656, -458.740234, 951.660156
172.851562, -260.986328, 1157.714844
129.394531, -248.291016, 1055.664062
211.425781, -159.912109, 1093.750000
115.234375, -169.677734, 1066.406250
50.292969, -157.470703, 966.308594
29.785156, -133.056641, 1010.742188
23.437500, -125.732422, 992.187500
39.062500, -74.462891, 890.625000
61.523438, -51.513672, 872.558594
111.328125, -14.892578, 851.074219
54.687500, -20.263672, 794.921875
198.242188, 41.015625, 783.691406
69.824219, 31.250000, 714.843750
84.960938, 27.832031, 686.523438
145.996094, 92.285156, 709.960938
55.175781, 81.054688, 694.335938
-31.494141, 22.949219, 704.101562
-40.771484, -22.216797, 771.484375
-172.119141, -88.134766, 757.812500
-230.224609, -143.310547, 860.351562
-63.720703, -178.466797, 941.406250
-130.615234, -185.791016, 848.144531
-115.478516, -204.345703, 960.449219
-50.048828, -197.998047, 1078.125000
93.261719, -185.302734, 1323.242188
-92.529297, -257.568359, 1272.460938
-297.607422, -358.154297, 1340.820312
-447.998047, -418.701172, 1300.781250
-547.607422, -457.763672, 1212.890625
-268.798828, -340.087891, 1135.742188
-,-,-
-16.357422, 47.851562, 780.761719
39.550781, -13.916016, 925.781250
-41.748047, -42.236328, 914.550781
21.484375, -38.818359, 969.726562
99.121094, -39.794922, 981.933594
-9.521484, -1.220703, 917.480469
-173.095703, -123.779297, 888.671875
-173.095703, -135.986328, 781.250000
-218.505859, -154.052734, 739.257812
-189.697266, -253.662109, 964.355469
-218.505859, -316.162109, 927.734375
-209.716797, -432.373047, 1107.421875
-197.021484, -437.744141, 1076.171875
55.664062, -121.826172, 1697.265625
-76.416016, -337.158203, 1255.859375
-17.333984, -316.162109, 1160.156250
63.964844, -345.458984, 1291.015625
69.824219, -367.431641, 1253.906250
-197.509766, -563.232422, 830.078125
86.914062, -211.669922, 1093.261719
14.160156, -224.365234, 980.957031
41.992188, -142.822266, 983.398438
162.109375, -123.779297, 1064.453125
94.238281, -99.365234, 953.125000
191.406250, -109.130859, 988.281250
212.402344, -59.814453, 922.851562
117.187500, -109.130859, 880.859375
158.691406, -58.349609, 818.359375
60.546875, -50.537109, 711.914062
100.585938, -31.005859, 696.777344
78.125000, -28.564453, 692.382812
102.050781, -6.103516, 708.984375
12.695312, -51.513672, 710.937500
-140.869141, -131.103516, 754.882812
-106.689453, -176.025391, 814.453125
-211.181641, -320.556641, 827.148438
-202.392578, -177.978516, 938.476562
113.769531, -192.138672, 1024.902344
-140.869141, -240.966797, 1103.515625
-323.486328, -340.576172, 1252.929688
-283.935547, -303.466797, 1241.699219
-460.205078, -309.326172, 1230.468750
-414.306641, -257.568359, 1245.605469
-306.884766, -206.298828, 1121.093750
-315.673828, -233.642578, 945.312500
-240.966797, -275.146484, 892.089844
-,-,-
-83.740234, -116.455078, 945.800781
-64.697266, -220.458984, 931.152344
-129.150391, -112.060547, 894.042969
-115.478516, -70.556641, 921.875000
-29.052734, -24.658203, 892.089844
-142.822266, -22.216797, 781.738281
-123.779297, 10.742188, 687.500000
-25.634766, 28.808594, 680.175781
-101.318359, -51.025391, 731.445312
-242.919922, -225.341797, 815.429688
-396.240234, -464.599609, 966.796875
-146.728516, -464.599609, 1083.007812
-18.798828, -482.666016, 1102.539062
199.218750, -449.951172, 1180.664062
295.898438, -425.048828, 1323.242188
224.609375, -415.771484, 1165.039062
46.875000, -548.583984, 1191.406250
146.972656, -454.345703, 1168.945312
123.046875, -385.498047, 1246.582031
170.410156, -243.896484, 1239.746094
55.175781, -181.396484, 1103.515625
84.960938, -128.173828, 1108.398438
41.503906, -139.404297, 1039.550781
61.035156, -134.521484, 1023.925781
23.437500, -119.384766, 965.820312
31.738281, -57.373047, 1045.410156
129.394531, -23.193359, 885.742188
185.546875, 36.132812, 770.507812
163.574219, 0.488281, 752.929688
145.996094, 26.855469, 723.632812
122.070312, 7.812500, 637.695312
108.886719, 26.367188, 650.878906
23.437500, 45.898438, 550.292969
101.074219, 10.742188, 705.078125
-82.763672, -33.935547, 702.148438
-27.587891, -138.427734, 764.648438
19.042969, -157.958984, 802.246094
-275.634766, -255.615234, 723.632812
107.910156, -346.435547, 1245.117188
-47.607422, -431.396484, 1208.984375
-92.529297, -450.439453, 1363.281250
-174.560547, -391.357422, 1318.359375
-202.880859, -382.568359, 1299.804688
-551.513672, -352.783203, 1158.203125
-,-,-
-17.333984, -7.568359, 979.003906
-1.220703, -27.587891, 983.398438
-27.587891, -33.935547, 923.828125
10.742188, -39.794922, 971.679688
-82.763672, -28.564453, 881.835938
-116.455078, -80.810547, 901.367188
-137.451172, -132.080078, 910.644531
-162.841797, -152.099609, 807.128906
-191.650391, -236.572266, 869.628906
-154.541016, -270.263672, 904.296875
-84.716797, -329.833984, 986.328125
-31.982422, -336.181641, 1099.609375
75.195312, -326.904297, 1139.160156
217.285156, -315.185547, 1288.574219
127.441406, -342.529297, 1362.304688
284.179688, -472.900391, 1337.890625
253.906250, -301.513672, 1296.875000
201.660156, -291.259766, 1186.523438
207.031250, -179.443359, 1119.140625
109.375000, -161.376953, 1036.132812
145.996094, -101.806641, 1021.972656
95.703125, -82.275391, 1006.835938
188.476562, -48.583984, 985.351562
238.281250, -11.962891, 924.804688
152.832031, -13.916016, 843.750000
281.250000, 35.156250, 843.750000
236.816406, 18.066406, 752.929688
280.761719, 4.882812, 784.667969
190.917969, 40.039062, 757.812500
-82.275391, -28.076172, 600.585938
0.488281, -29.541016, 702.636719
-88.134766, -13.916016, 661.132812
9.765625, -57.373047, 801.269531
-27.587891, -25.146484, 726.562500
-1.220703, -83.740234, 812.500000
27.343750, -120.849609, 933.105469
-133.056641, -167.724609, 835.937500
140.625000, -229.736328, 1135.253906
-169.677734, -315.185547, 1103.515625
-156.982422, -426.513672, 1295.898438
-353.759766, -368.896484, 1264.160156
-414.794922, -389.404297, 1278.808594
-415.771484, -326.904297, 1202.636719
-401.611328, -345.458984, 1182.128906
-326.416016, -291.259766, 1092.773438
-364.501953, -296.142578, 947.265625
-255.126953, -274.658203, 997.070312
-,-,-
-23.193359, -6.591797, 931.152344
-145.263672, -8.544922, 921.875000
-123.291016, -37.841797, 867.187500
-77.392578, -51.513672, 801.269531
-104.248047, -13.916016, 819.335938
-176.513672, -98.388672, 749.023438
-108.642578, -145.751953, 739.746094
-58.349609, -204.345703, 818.359375
-21.728516, -266.357422, 874.511719
-5.615234, -391.357422, 971.679688
-29.052734, -504.638672, 1104.492188
-138.427734, -664.794922, 1424.804688
-111.083984, -716.064453, 1321.777344
-14.404297, -507.568359, 1379.882812
-2.197266, -419.677734, 1203.613281
51.269531, -305.908203, 1094.726562
45.898438, -269.287109, 1072.265625
85.937500, -280.517578, 1098.632812
226.074219, -164.794922, 1178.222656
119.140625, -112.548828, 1079.101562
178.222656, -29.541016, 994.140625
144.531250, -54.443359, 1064.453125
12.695312, -67.138672, 1047.363281
166.992188, -62.255859, 962.890625
135.742188, -66.162109, 950.195312
172.851562, -55.908203, 919.921875
75.683594, -30.517578, 850.097656
146.972656, 14.160156, 829.589844
-20.751953, -2.685547, 758.300781
-30.517578, 0.488281, 756.835938
-44.189453, 3.906250, 687.500000
-68.603516, 7.812500, 735.351562
-147.705078, -11.474609, 690.429688
-155.517578, -45.166016, 696.289062
-212.158203, -51.513672, 745.605469
-122.314453, -100.830078, 712.890625
-188.232422, -111.083984, 713.867188
68.847656, -199.951172, 1018.066406
-76.904297, -262.939453, 1039.550781
-114.501953, -401.123047, 1292.968750
-96.435547, -355.224609, 1311.035156
-394.775391, -332.763672, 1187.500000
-453.369141, -285.888672, 1211.914062
-430.419922, -299.560547, 1208.984375
-,-,-
138.183594, -72.021484, 1042.968750
-72.998047, -164.306641, 824.707031
85.937500, -151.123047, 1065.917969
24.902344, -119.384766, 940.917969
-34.423828, -131.103516, 945.312500
-139.892578, -125.732422, 790.039062
-47.607422, -65.185547, 734.863281
-146.728516, -108.154297, 715.820312
3.417969, -104.248047, 794.921875
-37.353516, -132.080078, 724.609375
-131.591797, -240.966797, 888.183594
-114.990234, -335.205078, 947.265625
-45.166016, -430.419922, 1140.625000
-29.052734, -414.794922, 1165.039062
-39.306641, -415.771484, 1241.699219
4.882812, -424.072266, 1401.367188
70.800781, -387.451172, 1366.210938
173.828125, -385.498047, 1401.367188
155.273438, -308.349609, 1208.984375
117.187500, -288.330078, 1073.730469
192.382812, -177.001953, 1125.488281
152.832031, -149.169922, 980.957031
234.863281, -107.177734, 1060.546875
220.703125, -59.814453, 897.460938
266.601562, -43.701172, 873.535156
258.300781, -43.212891, 718.261719
194.335938, -40.771484, 771.484375
172.363281, -10.986328, 724.609375
51.269531, 5.859375, 606.445312
92.773438, 17.578125, 639.648438
65.917969, 39.062500, 611.816406
41.503906, 59.082031, 669.921875
-105.224609, -27.099609, 755.859375
13.183594, -55.419922, 782.226562
-119.873047, -115.478516, 818.359375
-137.451172, -185.302734, 959.472656
-64.697266, -197.021484, 1004.394531
-46.142578, -221.435547, 1095.703125
-286.865234, -255.615234, 1111.816406
-195.556641, -269.287109, 1258.789062
-476.318359, -362.060547, 1180.664062
-454.345703, -303.955078, 1261.230469
-560.302734, -390.380859, 1207.519531
-455.810547, -389.404297, 1132.324219
-160.400391, -292.236328, 1145.507812
-,-,-
41.015625, -116.455078, 1130.859375
-83.740234, -155.029297, 1065.917969
167.480469, -155.517578, 1109.375000
-63.232422, -116.455078, 886.718750
-55.419922, -123.779297, 913.574219
-53.466797, -12.939453, 728.515625
-82.275391, -31.005859, 686.523438
-11.962891, -61.767578, 707.031250
-19.287109, -67.138672, 628.417969
12.695312, -181.396484, 754.882812
-66.162109, -315.185547, 834.960938
-55.908203, -438.232422, 1081.054688
5.371094, -473.388672, 1283.203125
58.593750, -452.392578, 1357.421875
32.714844, -331.298828, 1333.496094
-128.662109, -599.853516, 1554.199219
130.859375, -352.294922, 1348.144531
170.898438, -382.568359, 1244.140625
219.726562, -310.302734, 1162.109375
262.207031, -180.419922, 1118.164062
268.066406, -108.154297, 920.898438
395.019531, -103.271484, 1067.871094
269.531250, -80.810547, 984.375000
293.945312, -120.361328, 968.750000
232.421875, -17.333984, 1024.902344
201.171875, -1.708984, 729.492188
164.550781, -36.865234, 795.898438
30.761719, 17.089844, 685.546875
-31.494141, 7.812500, 594.726562
-37.353516, 34.179688, 540.039062
28.320312, 1.953125, 649.414062
16.601562, 25.390625, 708.984375
0.488281, -26.611328, 779.296875
63.964844, -74.951172, 870.605469
-76.904297, -128.662109, 884.765625
-225.341797, -172.119141, 855.957031
-152.587891, -202.392578, 834.960938
-318.115234, -247.314453, 908.691406
-363.037109, -416.748047, 1181.640625
-508.544922, -417.724609, 1275.390625
-537.841797, -428.466797, 1335.937500
-407.470703, -408.447266, 1237.304688
-543.701172, -406.982422, 1151.855469
-480.224609, -415.771484, 1029.296875
-271.240234, -425.537109, 1033.203125
-,-,-
-65.673828, -61.767578, 1019.042969
13.671875, -73.974609, 971.679688
-9.521484, -129.638672, 1010.742188
59.570312, -68.115234, 1064.941406
-114.013672, -71.044922, 815.429688
-82.763672, -53.955078, 812.500000
-178.955078, -63.232422, 662.109375
-155.517578, -23.193359, 635.253906
-55.419922, -145.263672, 833.984375
-54.443359, -164.794922, 839.843750
-161.376953, -259.521484, 950.195312
-108.642578, -335.205078, 1146.484375
-168.701172, -405.029297, 1126.953125
-73.974609, -459.716797, 1353.027344
157.226562, -364.990234, 1363.281250
188.476562, -434.326172, 1477.539062
230.957031, -381.591797, 1423.828125
210.937500, -369.384766, 1338.867188
84.960938, -262.451172, 1081.054688
-2.197266, -258.544922, 1018.554688
41.503906, -199.951172, 1079.101562
-50.048828, -167.724609, 947.265625
38.085938, -101.806641, 963.378906
77.636719, -19.287109, 899.414062
69.824219, -42.724609, 713.867188
28.320312, 23.437500, 533.203125
46.875000, 24.414062, 665.039062
40.039062, 85.449219, 598.632812
-15.869141, 114.257812, 537.109375
28.808594, 71.289062, 652.832031
20.019531, 56.152344, 746.093750
-64.697266, -10.498047, 819.335938
-98.388672, -42.236328, 950.195312
-91.064453, -127.685547, 979.980469
-175.537109, -134.521484, 1118.164062
-178.955078, -184.326172, 1261.718750
-122.314453, -96.923828, 864.746094
-522.705078, -93.505859, 953.125000
-339.599609, -164.794922, 1109.863281
-405.517578, -161.376953, 1036.132812
-309.326172, -299.560547, 1220.214844
-179.931641, -276.123047, 1326.171875
-216.552734, -243.896484, 1209.960938
-,-,-
-188.232422, -80.810547, 995.117188
-152.099609, -73.974609, 912.109375
-245.849609, -28.564453, 872.558594
-40.771484, -43.212891, 1081.054688
-374.755859, -9.521484, 764.160156
-63.720703, -4.638672, 940.429688
-181.396484, 74.707031, 599.609375
-179.931641, -3.662109, 752.929688
-78.857422, -28.076172, 733.398438
-85.205078, -72.509766, 769.531250
-83.251953, -106.201172, 866.699219
-87.646484, -131.591797, 931.640625
-103.271484, -204.345703, 1091.308594
-158.935547, -243.896484, 1156.738281
-179.443359, -252.685547, 1196.777344
-70.556641, -267.333984, 1302.734375
11.230469, -241.943359, 1469.726562
18.554688, -230.224609, 1414.062500
82.519531, -194.091797, 1374.023438
20.019531, -159.423828, 1210.937500
85.449219, -118.408203, 1098.632812
64.453125, -106.201172, 1111.816406
58.593750, -92.529297, 1067.871094
207.031250, -53.955078, 1071.289062
155.273438, -9.521484, 930.664062
181.640625, 4.882812, 808.105469
336.425781, 111.328125, 1150.878906
145.996094, 67.382812, 795.898438
159.667969, 20.507812, 806.152344
47.363281, 67.382812, 650.878906
0.976562, 52.734375, 597.656250
-42.724609, 66.406250, 577.148438
-129.638672, 34.179688, 554.687500
-134.521484, 40.039062, 676.269531
-61.767578, -2.197266, 737.304688
-44.189453, -23.193359, 847.656250
-65.185547, -62.255859, 920.898438
-238.037109, -138.427734, 970.703125
-128.173828, -222.412109, 1142.578125
-414.306641, -232.666016, 1271.484375
-219.482422, -289.306641, 1484.375000
-410.888672, -258.544922, 1342.773438
-388.916016, -260.498047, 1180.664062
-,-,-
-69.580078, -37.841797, 1019.531250
11.718750, -31.494141, 929.687500
-123.291016, -3.662109, 866.210938
134.277344, -10.986328, 1111.816406
-134.521484, 10.742188, 777.343750
7.812500, -70.556641, 870.605469
-168.212891, 80.078125, 553.710938
41.015625, -23.193359, 832.031250
7.812500, -77.880859, 767.578125
-82.275391, -69.091797, 829.589844
-83.251953, -184.326172, 922.851562
-209.716797, -219.970703, 891.113281
-160.400391, -320.068359, 1064.941406
-239.013672, -313.232422, 1063.964844
-194.091797, -363.037109, 1202.636719
-204.833984, -389.404297, 1303.222656
-148.681641, -352.783203, 1377.929688
20.996094, -277.587891, 1394.042969
37.597656, -243.896484, 1354.003906
62.011719, -324.462891, 1269.042969
137.695312, -164.794922, 1204.101562
173.339844, -132.080078, 1150.390625
110.839844, -117.431641, 1051.757812
160.156250, -98.388672, 1068.847656
119.140625, -19.287109, 966.796875
205.566406, -12.451172, 995.117188
115.234375, 0.000000, 921.875000
133.789062, 28.808594, 800.781250
62.988281, 101.074219, 733.398438
139.648438, 115.234375, 672.363281
96.679688, 146.972656, 582.031250
-6.591797, 147.460938, 480.957031
50.292969, 133.300781, 550.781250
-7.568359, 56.152344, 684.570312
6.835938, 19.531250, 709.960938
-100.341797, -23.193359, 899.414062
-26.611328, -28.564453, 985.351562
-270.751953, -90.087891, 1021.484375
-344.482422, -39.794922, 930.664062
-201.904297, -140.869141, 1074.218750
-550.537109, -129.638672, 1084.960938
-60.302734, -261.962891, 1159.667969
-544.189453, -196.533203, 1167.968750
-,-,-
42.480469, -257.568359, 1195.312500
-129.638672, -362.548828, 1304.687500
-109.130859, -364.501953, 1274.414062
-,-,-
18.554688, -111.572266, 1000.488281
-21.240234, -110.107422, 1000.000000
85.937500, -120.849609, 1044.433594
-3.662109, -105.224609, 1000.000000
-39.306641, -50.537109, 888.671875
-57.373047, -19.287109, 813.476562
-168.701172, -16.357422, 705.078125
-79.833984, -66.162109, 732.421875
-23.681641, -76.904297, 781.250000
-105.712891, -135.986328, 796.875000
-54.443359, -232.666016, 933.105469
-43.212891, -253.662109, 923.828125
-8.544922, -296.630859, 1078.125000
77.636719, -236.572266, 1213.378906
-81.787109, -363.525391, 1218.261719
-140.869141, -353.271484, 1243.164062
-117.919922, -382.080078, 1263.183594
-83.740234, -329.833984, 1331.542969
50.292969, -313.232422, 1371.582031
248.535156, -270.263672, 1332.031250
255.859375, -197.998047, 1275.390625
204.589844, -140.380859, 1173.339844
75.683594, -110.107422, 1075.195312
129.394531, -103.759766, 1084.960938
32.226562, -72.998047, 921.386719
86.914062, -72.509766, 821.289062
53.222656, -10.498047, 903.320312
74.218750, 39.062500, 556.640625
200.195312, 109.375000, 587.402344
51.269531, 132.324219, 480.957031
5.371094, 106.445312, 512.695312
113.769531, 107.421875, 583.007812
20.996094, 55.664062, 782.226562
10.742188, -63.232422, 906.250000
-7.568359, -115.478516, 1005.371094
-183.837891, -144.287109, 891.113281
-223.876953, -300.537109, 1100.585938
-295.166016, -311.279297, 1119.140625
-327.880859, -316.162109, 1160.156250
-472.900391, -317.626953, 1151.367188
-395.263672, -309.814453, 1137.695312
-393.798828, -236.083984, 1100.585938
-295.654297, -275.634766, 1132.324219
-354.248047, -323.486328, 1094.238281
-281.005859, -319.091797, 1094.238281
-256.591797, -272.705078, 1153.320312
-,-,-
2.929688, -1.708984, 952.148438
3.906250, -3.662109, 1017.578125
-6.103516, -32.958984, 1021.972656
-55.419922, 16.113281, 941.406250
1.953125, 14.648438, 873.535156
28.320312, 37.109375, 847.167969
22.460938, 80.078125, 755.859375
-68.115234, 89.355469, 667.968750
-24.658203, 11.718750, 682.617188
-114.013672, -46.142578, 720.214844
-89.599609, -143.310547, 785.156250
-8.056641, -230.224609, 995.605469
15.625000, -258.544922, 1155.761719
-114.990234, -290.771484, 1257.812500
-101.318359, -347.412109, 1262.207031
-145.751953, -318.603516, 1323.730469
-35.888672, -367.431641, 1255.859375
29.785156, -355.224609, 1228.515625
115.234375, -325.927734, 1186.523438
127.441406, -263.916016, 1187.500000
113.281250, -215.576172, 1177.246094
84.960938, -145.263672, 1169.921875
41.015625, -111.083984, 1100.585938
51.269531, -95.458984, 1078.125000
-14.892578, -115.478516, 1038.574219
-20.263672, -118.896484, 985.351562
-37.841797, -76.904297, 850.097656
-6.103516, -72.509766, 806.152344
-25.146484, -33.935547, 730.468750
27.343750, -13.916016, 706.054688
61.523438, 32.226562, 722.167969
42.480469, 75.195312, 516.601562
39.550781, 42.968750, 765.136719
-12.939453, 30.273438, 799.804688
-87.158203, -6.591797, 888.671875
-197.509766, -28.564453, 901.367188
-195.068359, -70.068359, 879.882812
-114.501953, -131.103516, 948.242188
-222.900391, -151.123047, 945.312500
-215.576172, -224.365234, 1079.101562
-334.716797, -189.697266, 1012.695312
-356.201172, -249.267578, 1106.933594
-319.580078, -226.318359, 1166.015625
-407.470703, -218.017578, 1178.710938
-428.955078, -293.701172, 1245.117188
-,-,-
124.511719, 34.179688, 957.519531
76.660156, 48.828125, 904.296875
42.480469, 50.781250, 955.078125
126.953125, 29.785156, 946.289062
64.941406, 70.312500, 883.789062
67.382812, 42.968750, 853.515625
66.406250, 49.804688, 804.199219
12.695312, 50.781250, 749.023438
4.394531, 20.507812, 760.253906
-66.162109, 1.953125, 764.160156
-39.306641, -80.810547, 858.398438
-18.310547, -120.849609, 946.289062
-11.474609, -231.689453, 1063.476562
-39.306641, -166.748047, 1022.949219
-87.646484, -238.037109, 1054.687500
-34.912109, -246.337891, 1181.152344
48.828125, -244.873047, 1336.914062
97.167969, -284.912109, 1538.085938
-204.833984, -632.080078, 1784.667969
151.367188, -201.416016, 1233.398438
248.535156, -184.326172, 1179.199219
200.683594, -97.412109, 1122.070312
235.839844, -120.849609, 1105.468750
207.031250, -23.193359, 1067.871094
125.000000, 6.835938, 913.574219
170.410156, -14.892578, 928.710938
155.273438, -1.220703, 961.425781
156.250000, -11.962891, 882.812500
156.738281, 27.832031, 782.714844
150.390625, -9.521484, 772.460938
166.992188, 41.015625, 723.632812
162.109375, 51.757812, 750.000000
88.378906, 40.039062, 686.523438
149.414062, 38.085938, 741.699219
34.179688, 28.808594, 744.140625
-76.416016, -21.240234, 810.546875
-46.142578, -79.833984, 922.363281
-171.630859, -80.810547, 885.742188
-82.275391, -148.193359, 998.046875
-139.892578, -84.716797, 959.472656
-97.412109, -152.099609, 1052.734375
-113.525391, -118.408203, 1064.941406
-243.408203, -114.990234, 1052.734375
-272.705078, -140.380859, 1049.804688
-268.798828, -173.095703, 1060.546875
-229.736328, -239.013672, 1232.421875
-307.861328, -310.302734, 1278.320312
-,-,-
-30.029297, -24.169922, 956.542969
11.230469, -8.544922, 963.378906
-76.416016, -38.818359, 949.218750
-35.888672, -56.884766, 942.382812
-78.857422, -25.146484, 901.367188
-125.732422, -31.982422, 833.007812
-179.443359, -38.818359, 764.648438
-258.544922, -39.794922, 724.609375
-204.345703, -55.908203, 702.148438
-156.982422, -93.505859, 775.390625
-121.337891, -87.158203, 885.742188
-104.736328, -175.537109, 960.449219
-49.560547, -253.662109, 1135.253906
-114.013672, -240.966797, 1132.324219
-37.353516, -317.138672, 1351.074219
-51.025391, -281.982422, 1371.582031
-40.771484, -267.333984, 1334.960938
55.664062, -266.357422, 1291.015625
72.265625, -208.740234, 1249.023438
63.964844, -158.935547, 1153.320312
109.375000, -128.662109, 1084.960938
96.191406, -89.599609, 1036.132812
80.078125, -53.466797, 1000.000000
95.214844, -42.236328, 930.664062
139.160156, -19.287109, 863.281250
68.847656, -17.333984, 820.312500
74.707031, 19.531250, 752.929688
19.531250, -9.521484, 740.722656
-28.076172, -61.279297, 748.046875
-4.150391, -11.962891, 689.453125
3.417969, -26.611328, 738.281250
-114.501953, -22.216797, 761.230469
-93.505859, -70.556641, 851.562500
-163.818359, -57.373047, 841.796875
-208.251953, -127.685547, 841.796875
-213.623047, -171.630859, 975.097656
-412.841797, -235.107422, 903.320312
-372.314453, -361.083984, 1147.460938
-623.291016, -332.763672, 1110.839844
-607.666016, -347.412109, 1096.679688
-544.677734, -294.677734, 1188.476562
-497.314453, -283.935547, 1197.753906
-363.525391, -315.185547, 1172.363281
-,-,-
-151.123047, -51.513672, 1068.847656
-79.833984, -32.958984, 1144.531250
-133.544922, -1.220703, 1054.687500
-93.994141, 11.718750, 1061.523438
-125.732422, 19.531250, 947.265625
-191.650391, 21.484375, 782.714844
-160.400391, 49.804688, 692.871094
-167.236328, 41.503906, 640.625000
-129.150391, -68.115234, 730.468750
-114.501953, -91.552734, 850.097656
-95.947266, -150.146484, 985.351562
-65.185547, -168.701172, 1067.871094
-115.966797, -240.966797, 1204.589844
-114.501953, -252.685547, 1258.789062
-19.287109, -283.935547, 1324.218750
-34.912109, -293.701172, 1320.312500
42.968750, -301.513672, 1291.992188
81.542969, -273.681641, 1222.167969
121.582031, -237.060547, 1219.238281
123.046875, -211.669922, 1178.222656
143.554688, -186.279297, 1128.906250
126.464844, -155.029297, 1064.453125
97.167969, -116.455078, 968.750000
128.417969, -89.599609, 953.125000
118.164062, -38.818359, 889.648438
58.593750, 19.531250, 784.667969
114.746094, -9.521484, 795.898438
0.000000, 28.808594, 718.261719
55.175781, 17.578125, 688.476562
57.617188, 76.660156, 704.101562
17.089844, 37.109375, 648.925781
5.371094, 32.714844, 706.054688
-48.583984, 27.343750, 831.054688
-135.498047, 7.812500, 862.304688
56.152344, -109.130859, 993.164062
-179.931641, -96.435547, 957.519531
-112.548828, -232.666016, 960.937500
-205.810547, -184.326172, 1055.664062
-431.396484, -210.693359, 1048.828125
-311.767578, -289.794922, 1204.589844
-501.220703, -268.310547, 1268.554688
-334.228516, -286.865234, 1246.093750
-367.919922, -216.552734, 1247.070312
-,-,-
20.019531, 105.957031, 979.980469
-13.916016, 33.203125, 949.218750
-25.146484, 83.007812, 945.312500
-15.380859, 54.687500, 900.390625
-45.166016, 39.062500, 853.515625
-101.318359, 50.781250, 736.328125
9.765625, -7.568359, 759.277344
0.976562, -38.818359, 867.187500
2.929688, -115.966797, 879.882812
108.886719, -180.908203, 1028.808594
43.945312, -200.439453, 1113.281250
-16.357422, -205.322266, 1173.339844
-129.638672, -213.623047, 1238.769531
-233.642578, -226.318359, 1178.710938
-154.541016, -246.337891, 1237.304688
-55.419922, -242.919922, 1272.949219
29.296875, -201.416016, 1277.343750
98.632812, -173.095703, 1243.652344
111.816406, -153.076172, 1184.570312
94.726562, -110.107422, 1134.277344
91.308594, -82.763672, 1120.117188
47.851562, -55.419922, 1030.761719
34.667969, -57.861328, 1042.968750
77.148438, -48.095703, 935.058594
33.691406, -24.169922, 885.253906
36.132812, 22.460938, 788.085938
76.660156, -6.591797, 697.753906
19.531250, 42.480469, 622.070312
37.597656, 19.042969, 615.234375
11.230469, 55.664062, 710.937500
-60.302734, 70.312500, 688.476562
-79.345703, 4.882812, 836.914062
-129.638672, -23.193359, 903.320312
-294.189453, -22.216797, 883.789062
-350.830078, -91.552734, 963.867188
-246.337891, -160.888672, 1083.984375
-473.876953, -169.677734, 1160.644531
-479.736328, -223.388672, 1181.152344
-458.251953, -165.771484, 1337.890625
-597.900391, -143.310547, 1268.554688
-250.244141, -225.341797, 1259.765625
-,-,-
52.734375, 74.707031, 894.042969
156.250000, 4.882812, 982.421875
-53.466797, -8.544922, 941.406250
37.597656, 0.488281, 954.101562
103.515625, -70.556641, 1010.253906
-132.568359, 52.734375, 782.714844
52.734375, 63.476562, 826.660156
-73.974609, 39.062500, 703.125000
25.878906, 34.179688, 756.835938
164.550781, -34.912109, 857.421875
73.730469, -114.501953, 914.550781
-72.021484, -182.373047, 997.070312
-149.169922, -289.794922, 1178.222656
-185.791016, -283.935547, 1166.992188
-41.259766, -239.990234, 1239.257812
-51.513672, -186.767578, 1199.707031
-0.244141, -182.373047, 1194.824219
-14.892578, -189.697266, 1271.484375
81.542969, -188.720703, 1289.550781
165.527344, -168.701172, 1239.746094
170.410156, -105.224609, 1163.085938
237.792969, -71.533203, 1160.156250
181.152344, -71.533203, 1106.445312
168.945312, -45.166016, 1041.015625
216.308594, -86.181641, 1081.054688
220.214844, -29.541016, 1019.531250
220.214844, -2.685547, 865.722656
222.167969, 66.406250, 753.906250
252.441406, 32.226562, 783.691406
156.250000, 55.175781, 643.554688
118.652344, 61.035156, 604.492188
140.136719, 52.734375, 619.140625
43.945312, 93.750000, 602.539062
20.019531, 70.800781, 614.257812
15.136719, 44.433594, 794.921875
-50.048828, 4.882812, 871.582031
-85.205078, -54.443359, 1003.906250
-226.806641, -78.857422, 1005.859375
-245.849609, -143.798828, 1060.546875
-305.908203, -176.025391, 1159.667969
-496.337891, -165.771484, 1122.070312
-349.853516, -227.783203, 1147.460938
-419.189453, -205.322266, 1241.699219
-349.853516, -175.048828, 1176.269531
-,-,-
80.078125, 57.128906, 996.093750
-2.685547, 78.125000, 890.136719
103.515625, 33.203125, 937.011719
56.152344, 92.773438, 829.589844
23.437500, 69.335938, 823.242188
-29.052734, 100.585938, 722.656250
0.000000, 93.750000, 713.867188
55.175781, 3.417969, 792.968750
33.203125, -27.099609, 792.968750
4.882812, -94.482422, 881.835938
-31.494141, -156.005859, 965.820312
-52.978516, -224.365234, 1075.195312
-133.056641, -232.666016, 1065.429688
-140.869141, -281.005859, 1141.601562
-104.736328, -341.552734, 1310.058594
-174.072266, -345.458984, 1377.929688
-150.146484, -368.408203, 1414.062500
1.464844, -339.111328, 1416.503906
87.890625, -286.865234, 1354.003906
115.234375, -185.302734, 1208.007812
46.875000, -51.513672, 946.289062
-23.681641, -69.580078, 1159.179688
25.878906, -13.427734, 1044.433594
164.062500, 103.027344, 973.144531
-66.650391, -30.029297, 1127.929688
50.781250, -71.533203, 934.570312
92.773438, 23.437500, 889.160156
79.101562, 62.500000, 759.277344
80.566406, 40.039062, 716.308594
112.304688, 62.011719, 690.429688
89.843750, 50.781250, 663.085938
-47.607422, 96.679688, 564.941406
12.207031, -13.916016, 585.449219
-114.501953, 92.773438, 763.183594
-98.388672, -63.232422, 696.777344
-50.537109, 22.460938, 759.765625
-275.634766, -40.771484, 912.109375
-197.509766, -156.005859, 1092.773438
-148.681641, -175.048828, 1160.156250
-360.107422, -155.029297, 1277.343750
-230.712891, -185.302734, 1320.312500
-426.513672, -135.498047, 1293.945312
-261.962891, -246.826172, 1299.804688
