-,-,-
20.019531, 122.070312, 1021.484375
-16.357422, 104.980469, 983.398438
25.878906, 105.468750, 993.164062
-9.521484, 91.796875, 987.304688
-96.923828, 53.710938, 933.593750
-66.650391, 165.039062, 876.953125
-136.474609, 180.664062, 656.738281
-152.587891, 177.246094, 717.285156
-21.728516, 141.601562, 794.921875
27.343750, 111.328125, 971.679688
103.027344, 78.125000, 1041.015625
134.277344, 41.503906, 940.917969
-33.447266, -15.380859, 1015.625000
-20.751953, -11.962891, 920.898438
-81.298828, -18.798828, 863.281250
-119.873047, -64.208984, 1104.492188
-27.587891, 15.136719, 945.312500
39.550781, -17.333984, 979.980469
55.664062, -24.169922, 1029.296875
109.375000, -102.783203, 1090.332031
75.683594, -148.681641, 1139.648438
48.828125, -152.587891, 1152.832031
129.882812, -198.486328, 1132.324219
186.523438, -158.935547, 1177.734375
276.367188, -139.404297, 1218.750000
316.406250, -163.818359, 1122.070312
318.359375, -190.673828, 1056.640625
364.257812, -160.400391, 1016.601562
231.445312, -175.537109, 956.054688
-22.216797, -325.439453, 926.757812
167.480469, -69.091797, 932.617188
-140.380859, -110.107422, 924.804688
20.019531, 63.476562, 1021.484375
277.343750, -655.517578, 1682.128906
-267.333984, -0.244141, 1141.601562
-212.646484, -24.169922, 1051.757812
-261.962891, -120.849609, 997.070312
-291.748047, -101.806641, 1027.832031
-152.099609, -89.111328, 997.070312
-13.916016, -60.302734, 1048.339844
112.792969, -44.677734, 1039.550781
114.257812, -21.728516, 1006.347656
-,-,-
118.164062, 43.457031, 1005.859375
119.628906, 51.757812, 1006.835938
48.339844, 40.039062, 994.140625
152.343750, 51.757812, 985.351562
57.128906, 66.406250, 899.414062
8.789062, 75.195312, 858.398438
-44.189453, 69.335938, 754.882812
-11.474609, 90.820312, 720.703125
-44.189453, 57.128906, 796.875000
92.773438, 44.433594, 847.656250
140.625000, 75.683594, 931.640625
225.585938, 34.667969, 1113.769531
49.316406, 47.363281, 1013.671875
-6.103516, -57.861328, 1082.519531
15.625000, -41.259766, 1004.394531
24.902344, 22.460938, 1051.757812
58.105469, 101.074219, 951.171875
60.546875, 94.726562, 838.867188
238.769531, 135.253906, 961.914062
234.375000, 116.699219, 1016.601562
228.027344, 89.843750, 1084.960938
102.539062, -9.521484, 1085.937500
150.390625, -34.912109, 1170.898438
180.175781, -1.708984, 1173.339844
166.015625, 1.464844, 1131.347656
201.171875, 48.339844, 1098.632812
252.929688, 53.710938, 1070.312500
308.593750, 91.308594, 962.402344
283.203125, 118.652344, 962.890625
167.480469, 70.800781, 846.679688
170.410156, 38.085938, 929.687500
10.253906, 61.035156, 1003.417969
-258.544922, 25.390625, 1014.648438
140.136719, 163.574219, 1063.476562
-237.548828, 73.730469, 933.105469
-10.498047, 62.500000, 935.058594
-34.912109, 149.902344, 1117.187500
-332.763672, -2.685547, 1061.523438
-15.380859, 82.031250, 956.054688
-111.083984, 35.156250, 1002.441406
-112.548828, 38.085938, 976.074219
-,-,-
-89.111328, -23.193359, 927.734375
-47.607422, -56.884766, 941.406250
-68.115234, -20.263672, 986.328125
-89.111328, -62.255859, 983.886719
-100.341797, -57.373047, 894.042969
-160.888672, 17.578125, 724.609375
-257.568359, 48.828125, 677.734375
-196.533203, -14.892578, 814.453125
-169.677734, -13.427734, 899.414062
-94.970703, -64.208984, 1011.718750
-84.228516, -72.509766, 1012.207031
21.484375, -47.607422, 892.089844
-36.865234, -34.912109, 818.359375
44.433594, -122.802734, 971.191406
148.437500, -91.552734, 907.226562
140.136719, -110.107422, 1204.589844
142.578125, -163.818359, 1102.539062
305.175781, -246.337891, 989.257812
209.960938, -212.646484, 1071.777344
317.871094, -237.060547, 1195.800781
417.968750, -247.314453, 1179.687500
391.601562, -230.224609, 1118.164062
387.207031, -211.669922, 1069.824219
390.625000, -166.748047, 975.097656
283.203125, -154.052734, 922.851562
318.847656, -152.099609, 852.539062
239.257812, -96.435547, 947.265625
63.964844, -4.150391, 996.093750
-30.517578, -62.255859, 935.058594
-185.791016, 35.156250, 905.273438
-194.091797, -70.556641, 958.496094
-278.564453, 1.464844, 977.539062
-413.330078, 15.136719, 1039.550781
-258.544922, 36.132812, 1097.656250
-204.345703, 11.230469, 1054.687500
-28.076172, -11.474609, 1000.488281
-,-,-
-45.166016, 33.203125, 974.609375
-14.892578, 15.136719, 1042.968750
-105.224609, -13.916016, 1027.832031
-48.583984, -9.033203, 1046.875000
-17.333984, 43.457031, 969.726562
-60.302734, -27.587891, 941.894531
-186.279297, -47.119141, 826.171875
-307.861328, -31.982422, 627.929688
-496.337891, 83.984375, 517.578125
-184.814453, 77.636719, 769.531250
98.144531, 80.078125, 886.230469
202.148438, 137.695312, 988.281250
292.480469, -30.029297, 981.933594
103.027344, 66.406250, 1137.207031
170.898438, 25.878906, 1189.453125
256.835938, 20.507812, 1205.078125
248.535156, -25.146484, 1151.367188
294.433594, 2.441406, 1103.515625
193.359375, -55.908203, 1124.511719
241.699219, -58.837891, 1120.117188
86.914062, -65.185547, 1006.835938
151.367188, -5.615234, 1117.187500
236.328125, -44.677734, 991.210938
333.984375, -10.498047, 1083.984375
289.550781, -35.888672, 907.226562
410.156250, -15.380859, 1005.371094
531.250000, -79.833984, 966.308594
331.054688, -30.517578, 993.164062
182.617188, -250.244141, 63.964844
129.394531, -35.888672, 876.953125
-169.189453, -452.392578, 312.500000
-252.685547, -77.880859, 912.597656
-242.431641, -31.982422, 971.679688
-94.970703, -36.865234, 983.398438
-185.302734, -42.236328, 1091.308594
-70.556641, -80.810547, 1090.332031
118.164062, -42.724609, 1035.156250
189.941406, -27.587891, 985.351562
165.527344, 46.386719, 916.015625
416.015625, -85.205078, 950.195312
-,-,-
-82.275391, 8.789062, 1020.019531
-108.642578, -3.662109, 974.121094
-73.974609, -31.982422, 1035.156250
-102.783203, -24.658203, 1040.527344
-123.779297, 2.929688, 953.613281
-115.478516, -19.287109, 955.566406
-96.923828, -35.888672, 881.835938
-130.615234, 31.250000, 753.906250
-197.509766, 94.726562, 703.125000
-99.365234, 102.050781, 680.664062
-25.146484, 13.183594, 872.558594
-91.064453, 7.812500, 1022.460938
-90.576172, 23.437500, 964.843750
-45.654297, 5.371094, 1011.718750
59.570312, 113.281250, 848.144531
112.792969, 29.785156, 956.054688
196.777344, 25.390625, 1099.609375
171.875000, -21.240234, 997.070312
229.003906, -93.505859, 1091.308594
69.824219, -45.166016, 1054.687500
191.406250, -119.873047, 1172.851562
167.968750, -68.603516, 1150.390625
115.234375, -96.435547, 1141.601562
36.621094, -116.455078, 906.250000
60.546875, -186.767578, 974.121094
112.792969, -110.107422, 1191.406250
208.984375, -115.478516, 1018.554688
224.609375, -161.376953, 1107.421875
362.304688, -163.818359, 996.582031
359.375000, -132.080078, 971.679688
269.042969, -100.830078, 807.128906
274.902344, -75.439453, 863.281250
41.015625, -23.193359, 842.773438
379.882812, -62.744141, 882.812500
-5.126953, 208.007812, 896.972656
-180.908203, -111.083984, 1098.632812
-212.158203, 95.703125, 1068.847656
-405.029297, 83.007812, 1037.109375
-206.787109, -16.845703, 1071.777344
-223.876953, 95.703125, 1032.226562
-,-,-
-68.603516, -25.146484, 995.117188
-81.298828, 13.183594, 930.175781
-84.716797, -19.287109, 995.605469
-119.873047, 3.906250, 967.773438
-103.759766, -7.568359, 905.273438
-75.927734, -3.662109, 899.414062
-105.712891, 54.687500, 846.679688
-120.361328, 103.027344, 801.269531
-203.369141, 104.980469, 756.835938
-153.564453, 56.152344, 844.726562
-65.673828, -12.451172, 912.109375
-127.685547, 46.875000, 890.625000
-33.935547, -31.005859, 937.988281
-57.861328, 21.484375, 1009.765625
0.488281, -16.845703, 1003.906250
-128.173828, -132.568359, 881.835938
167.968750, -30.517578, 1159.667969
5.371094, -97.900391, 941.894531
-23.681641, -72.509766, 953.613281
157.714844, 139.648438, 1134.277344
145.019531, 40.039062, 1109.863281
80.078125, -80.810547, 1066.894531
192.871094, -382.080078, 1594.726562
277.343750, -117.431641, 1133.300781
312.011719, -175.048828, 1152.343750
254.394531, -135.498047, 1433.105469
323.730469, -55.419922, 1043.457031
269.531250, -75.927734, 997.070312
146.972656, 50.781250, 910.156250
243.652344, -140.380859, 998.046875
135.742188, 120.605469, 991.210938
-82.275391, -5.615234, 853.027344
-60.302734, 55.664062, 959.472656
-216.064453, -26.611328, 990.234375
-136.474609, 60.546875, 1122.070312
-104.248047, 2.441406, 1024.902344
-39.306641, -21.240234, 1064.453125
-77.392578, -2.685547, 1090.332031
-54.443359, 6.835938, 1073.242188
39.062500, -5.615234, 1017.578125
-,-,-
-25.634766, 51.757812, 949.218750
-31.494141, 31.738281, 1030.761719
-23.193359, 9.765625, 1011.718750
-53.955078, 23.437500, 1044.433594
-111.572266, 33.203125, 1025.878906
-112.060547, 3.906250, 993.164062
-136.474609, -39.794922, 920.898438
-193.115234, -82.763672, 780.761719
-145.751953, 90.820312, 743.164062
-53.466797, 140.625000, 733.398438
28.808594, 135.253906, 769.042969
36.132812, 155.273438, 874.023438
5.371094, 92.773438, 938.964844
-34.912109, 52.734375, 945.312500
5.371094, 48.339844, 1363.281250
56.152344, -1.220703, 1021.484375
-15.869141, -55.908203, 880.859375
169.921875, -75.439453, 1272.460938
6.347656, -19.287109, 1444.335938
33.203125, 78.125000, 1125.000000
172.363281, -151.123047, 1252.929688
209.472656, -132.080078, 1133.300781
111.328125, -129.150391, 1125.000000
134.277344, -164.794922, 1155.761719
111.328125, -79.833984, 1034.179688
230.957031, -140.869141, 1096.679688
194.824219, -95.458984, 996.093750
155.273438, -87.158203, 895.019531
317.382812, -130.615234, 1024.902344
126.464844, -81.787109, 988.281250
157.714844, -0.244141, 927.734375
-91.064453, -52.490234, 917.968750
47.363281, -29.541016, 946.289062
-201.416016, 5.859375, 974.609375
-322.998047, -76.416016, 1046.875000
-98.388672, -62.255859, 990.234375
-121.337891, -24.169922, 1002.441406
-183.349609, -42.236328, 1032.226562
-111.083984, -35.888672, 992.187500
-82.275391, -36.865234, 995.117188
-78.369141, -22.216797, 1009.765625
-,-,-
-109.130859, 25.390625, 969.726562
-83.740234, 18.554688, 984.375000
-108.642578, 12.695312, 985.351562
-116.943359, 25.390625, 933.593750
-200.927734, 47.851562, 917.968750
-235.595703, 103.027344, 837.890625
-146.728516, 106.445312, 799.804688
-81.298828, 66.406250, 855.468750
-115.966797, 99.609375, 889.648438
-151.611328, 157.226562, 826.660156
-134.033203, 86.914062, 982.421875
-72.509766, 40.527344, 1011.718750
-58.349609, 25.390625, 1085.937500
-94.482422, 119.140625, 1217.285156
14.648438, 58.105469, 1007.812500
26.855469, 47.851562, 1046.875000
51.269531, 3.417969, 1103.515625
74.218750, -112.060547, 1062.500000
89.355469, -146.728516, 1007.324219
262.207031, -144.287109, 1091.308594
233.398438, -112.548828, 1064.453125
288.085938, -152.099609, 1183.593750
281.250000, -42.236328, 1079.101562
214.843750, -79.833984, 1055.664062
266.601562, -137.451172, 1123.046875
189.941406, -158.935547, 1076.171875
131.835938, -96.435547, 1041.992188
5.859375, -28.564453, 1003.417969
43.945312, -30.517578, 1029.785156
-45.654297, 13.183594, 893.066406
-196.533203, -90.087891, 925.781250
-280.517578, -56.884766, 904.296875
-313.720703, -229.248047, 975.097656
-184.814453, -77.880859, 909.667969
-58.349609, -32.958984, 965.820312
-156.982422, -41.748047, 977.539062
-102.783203, -112.060547, 1061.523438
-58.837891, -106.201172, 1125.976562
-96.435547, -108.154297, 1111.816406
-,-,-
-76.904297, 116.699219, 864.257812
-44.189453, 159.179688, 868.652344
-91.064453, 101.074219, 862.304688
-113.037109, 62.500000, 921.875000
-125.732422, 31.250000, 869.140625
-156.494141, 1.953125, 825.195312
-176.513672, 79.101562, 818.359375
-91.064453, 63.476562, 884.765625
-50.048828, 34.179688, 957.031250
-152.587891, 121.093750, 969.726562
-157.958984, 41.992188, 997.070312
-46.630859, 4.882812, 1015.625000
-87.646484, -53.466797, 943.359375
62.011719, -107.177734, 1045.410156
165.527344, -30.517578, 1051.757812
14.648438, -53.466797, 1082.031250
115.722656, -15.380859, 1057.617188
34.179688, -0.732422, 1220.214844
164.550781, -236.083984, 1179.687500
188.476562, -172.607422, 1210.937500
160.644531, -205.322266, 1193.359375
337.402344, -293.212891, 1150.390625
323.730469, -210.693359, 1054.687500
339.843750, -162.353516, 959.472656
313.964844, -195.068359, 1011.718750
268.554688, -138.427734, 946.289062
59.570312, -133.056641, 988.281250
-39.794922, -70.068359, 901.367188
-142.822266, -29.541016, 905.273438
-304.443359, 27.832031, 930.175781
-394.775391, 12.207031, 937.011719
-314.208984, -186.279297, 960.449219
-79.833984, -34.423828, 1047.851562
-270.263672, -60.302734, 991.210938
-197.509766, -62.255859, 969.726562
-,-,-
-43.212891, 40.527344, 983.886719
-58.837891, 11.718750, 1073.242188
-89.111328, 52.734375, 996.093750
-83.740234, 56.152344, 947.265625
-52.001953, 25.390625, 959.472656
-155.029297, 13.671875, 841.796875
-206.787109, 35.156250, 805.175781
-146.728516, 53.710938, 774.414062
-83.740234, 98.632812, 714.355469
20.019531, 121.093750, 813.476562
-24.169922, 89.355469, 885.742188
-25.634766, 106.445312, 840.820312
-10.009766, 6.835938, 921.386719
43.945312, -111.083984, 1369.628906
154.296875, -121.826172, 1308.105469
33.203125, -58.349609, 1197.753906
45.898438, -16.845703, 1119.140625
121.093750, 15.136719, 1204.101562
489.746094, 209.472656, 1428.710938
41.503906, -148.681641, 1064.453125
116.210938, -76.904297, 1174.316406
175.781250, -183.349609, 1187.500000
139.160156, -228.271484, 1158.203125
165.039062, -141.357422, 1083.984375
225.097656, -80.810547, 1009.765625
202.636719, -92.529297, 998.046875
214.355469, -78.857422, 939.453125
164.062500, -81.787109, 929.687500
168.945312, -49.560547, 866.210938
4.882812, -35.888672, 866.210938
-103.759766, -145.751953, 1047.363281
-121.337891, -3.173828, 905.273438
-326.904297, 18.554688, 913.574219
-305.908203, -51.513672, 936.035156
-195.068359, -59.326172, 999.511719
-334.228516, -75.927734, 1002.441406
-273.193359, -101.806641, 1026.367188
-167.724609, -57.373047, 1036.132812
-115.966797, -78.857422, 1057.617188
-,-,-
-63.720703, 64.453125, 1053.710938
-82.275391, 67.382812, 1008.789062
-121.337891, 66.406250, 1064.453125
-156.982422, 46.386719, 1048.828125
-165.283203, 47.851562, 974.121094
-156.005859, 38.085938, 952.148438
-234.130859, 38.085938, 882.812500
-273.681641, 87.402344, 788.574219
-144.287109, 92.773438, 779.296875
-114.501953, 96.679688, 749.511719
-170.654297, 136.718750, 839.843750
-134.033203, 134.277344, 925.781250
-208.740234, 108.398438, 920.898438
-162.841797, 56.152344, 972.656250
-150.146484, 28.320312, 986.328125
-90.087891, 4.882812, 1044.433594
-105.712891, 75.195312, 890.136719
-13.916016, -159.423828, 1151.367188
-86.669922, -48.583984, 1106.445312
-201.904297, 18.554688, 1098.632812
-178.955078, -32.470703, 1192.382812
2.441406, -31.982422, 1131.347656
33.203125, -108.154297, 1157.226562
62.500000, -141.357422, 1108.398438
143.554688, -179.443359, 1071.289062
136.718750, -157.958984, 997.070312
215.332031, -110.107422, 1067.871094
92.773438, -246.337891, 1051.757812
27.343750, -107.177734, 998.046875
4.882812, -140.380859, 943.359375
-93.505859, -41.748047, 983.398438
-196.044922, -70.068359, 1092.285156
-178.955078, -47.119141, 927.734375
-219.970703, -86.181641, 955.566406
-463.623047, -107.177734, 1053.222656
-266.845703, -88.134766, 988.281250
-272.705078, -15.869141, 1008.789062
-167.724609, -67.138672, 992.187500
-197.021484, -67.138672, 986.328125
-155.029297, -92.529297, 982.421875
-71.044922, -97.412109, 1012.695312
-80.810547, -116.455078, 1036.132812
-,-,-
-129.638672, 108.398438, 982.421875
-94.482422, 123.046875, 987.304688
-76.416016, 94.726562, 979.980469
-103.759766, 88.378906, 937.011719
-153.564453, 59.082031, 933.593750
-152.099609, 30.273438, 878.906250
-217.529297, 83.007812, 755.859375
-138.427734, 79.101562, 688.476562
-131.591797, 178.710938, 711.425781
-158.935547, 140.625000, 744.140625
-45.654297, 48.828125, 849.121094
-49.560547, 136.718750, 902.343750
-56.884766, 30.761719, 1020.019531
-93.505859, 39.062500, 1088.867188
-114.501953, -52.490234, 1166.015625
-131.591797, -168.701172, 1198.730469
-252.685547, -72.509766, 1121.093750
-238.037109, -96.435547, 1129.882812
-169.677734, -59.326172, 1117.675781
-95.458984, -109.619141, 1120.117188
-36.376953, -72.998047, 1116.210938
10.742188, -158.447266, 1073.242188
42.968750, -195.068359, 1066.894531
5.371094, -256.591797, 1058.593750
95.214844, -260.986328, 1130.371094
143.554688, -240.966797, 1110.839844
112.792969, -218.017578, 1074.218750
124.023438, -193.115234, 1029.296875
103.027344, -211.669922, 1005.859375
-8.544922, -195.068359, 946.289062
-85.693359, -139.404297, 916.503906
-222.900391, -159.912109, 905.273438
-331.298828, -112.060547, 886.718750
-458.251953, -41.748047, 915.527344
-488.037109, -13.427734, 923.828125
-424.560547, -15.869141, 969.726562
-326.416016, -32.958984, 997.070312
-269.775391, -66.162109, 978.027344
-170.654297, -115.478516, 1013.671875
-138.427734, -129.638672, 1044.433594
-130.615234, -126.708984, 1040.527344
-,-,-
-173.095703, 54.687500, 1029.785156
-145.263672, 67.871094, 964.843750
-128.662109, 78.125000, 1023.925781
-113.525391, 21.484375, 994.140625
-144.775391, -15.380859, 945.312500
-191.650391, -9.521484, 857.421875
-199.951172, 73.730469, 768.554688
-195.556641, 166.992188, 775.390625
-74.951172, 113.281250, 715.820312
-242.919922, 192.382812, 799.804688
-246.826172, 86.914062, 937.011719
-146.728516, 56.640625, 992.675781
-266.357422, 41.503906, 993.164062
-222.412109, -53.466797, 1036.132812
208.496094, -132.080078, 1544.433594
-139.404297, -75.927734, 1006.835938
0.488281, -55.908203, 1047.851562
-87.158203, -26.123047, 1026.855469
-83.251953, -96.435547, 1145.507812
-135.009766, -143.798828, 1166.992188
-58.349609, -168.701172, 1172.851562
-55.908203, -290.771484, 1221.191406
-30.029297, -239.990234, 1124.023438
-24.658203, -240.966797, 1074.218750
5.371094, -241.943359, 1075.195312
56.152344, -217.041016, 1026.367188
88.378906, -205.322266, 1033.203125
83.496094, -200.927734, 974.609375
36.132812, -208.740234, 1009.765625
77.148438, 74.707031, 1013.671875
-82.763672, -220.458984, 926.757812
-152.587891, -302.490234, 1071.777344
-341.552734, -152.099609, 912.109375
-375.244141, -36.865234, 932.617188
-393.310547, -116.455078, 933.593750
-318.115234, -87.158203, 920.898438
-371.826172, -43.701172, 947.265625
-333.740234, -113.037109, 961.425781
-296.630859, -107.177734, 959.472656
-224.365234, -136.474609, 1010.742188
-187.255859, -169.677734, 1004.394531
-,-,-
-185.791016, -19.287109, 1022.460938
-117.919922, -46.630859, 1086.914062
-207.275391, -0.732422, 981.933594
-139.404297, -25.146484, 1053.710938
-160.400391, 13.671875, 936.035156
-158.935547, 19.531250, 894.042969
-172.119141, 19.531250, 817.382812
-170.654297, 90.820312, 823.242188
-100.341797, 71.289062, 843.750000
-185.791016, 4.882812, 879.882812
-274.658203, -23.193359, 895.996094
-269.775391, 12.695312, 910.156250
-253.173828, -15.380859, 951.171875
-259.521484, -16.845703, 929.687500
-230.712891, 53.222656, 908.691406
-162.841797, -21.240234, 975.097656
-135.986328, -42.236328, 964.843750
-212.158203, -20.263672, 967.285156
-193.603516, -192.626953, 955.566406
-191.650391, -109.130859, 998.046875
-188.720703, -143.310547, 1108.886719
-153.564453, -125.732422, 1147.460938
-95.947266, -135.498047, 1218.750000
-95.947266, -252.685547, 1238.769531
-23.193359, -266.357422, 1089.355469
-34.912109, -235.107422, 996.093750
37.597656, -167.724609, 999.023438
142.578125, -169.677734, 807.128906
139.160156, -195.068359, 984.375000
-5.126953, -196.044922, 1062.500000
16.113281, -164.794922, 930.664062
-10.498047, -218.017578, 961.914062
-252.685547, -252.197266, 895.019531
-248.291016, -176.025391, 992.187500
-386.474609, -148.193359, 989.257812
-465.087891, -133.544922, 947.265625
-10.498047, -23.681641, 858.398438
-417.724609, -11.474609, 971.679688
-382.568359, -173.095703, 956.054688
-292.724609, -158.447266, 950.195312
-283.447266, -125.732422, 976.074219
-215.576172, -152.099609, 1007.812500
-,-,-
-30.029297, -53.955078, 1008.789062
-74.951172, 18.066406, 999.023438
12.695312, -57.861328, 1042.968750
-3.173828, -57.861328, 970.703125
-111.083984, -10.498047, 918.945312
-105.712891, -41.748047, 908.203125
-129.638672, -8.544922, 836.914062
-113.037109, 22.460938, 823.242188
-94.482422, -8.544922, 824.707031
-33.935547, 32.714844, 950.195312
5.371094, 26.367188, 881.835938
-35.888672, 20.507812, 943.359375
-55.908203, 8.789062, 984.375000
92.285156, -84.228516, 989.746094
222.167969, -122.802734, 988.281250
64.941406, -12.451172, 938.476562
97.167969, -86.181641, 985.351562
119.140625, -79.833984, 1025.878906
75.683594, -52.001953, 1087.890625
119.628906, -22.216797, 1239.746094
129.882812, -67.138672, 1185.546875
59.082031, -230.224609, 1211.914062
25.390625, -240.966797, 1097.656250
19.042969, -159.912109, 1056.640625
-22.216797, -91.552734, 961.425781
48.339844, -68.115234, 998.046875
119.140625, -116.455078, 1027.343750
145.996094, -132.568359, 1009.765625
227.050781, -152.099609, 1012.695312
241.699219, -171.630859, 1051.757812
231.445312, -140.380859, 1055.664062
171.386719, -95.458984, 860.351562
-77.392578, -115.478516, 950.195312
-104.248047, -107.177734, 952.636719
-36.865234, 14.160156, 802.246094
-280.029297, -123.779297, 961.425781
-226.318359, -138.427734, 1000.000000
-251.708984, -146.728516, 1035.156250
-182.373047, -177.001953, 1042.480469
-146.728516, -148.193359, 1043.457031
-127.685547, -169.677734, 1101.562500
-19.775391, -158.447266, 1058.593750
-,-,-
-30.029297, 8.789062, 1013.671875
-35.400391, 51.757812, 951.171875
-109.619141, 96.679688, 933.593750
-61.279297, 66.406250, 928.710938
-204.833984, 104.492188, 842.773438
-208.740234, 125.000000, 849.121094
-145.263672, 139.648438, 764.160156
-191.650391, 319.335938, 809.570312
13.183594, 41.015625, 885.742188
79.589844, -12.939453, 947.265625
-115.966797, -2.685547, 901.367188
-64.697266, -91.552734, 880.859375
-90.087891, -30.517578, 970.703125
-106.201172, -6.591797, 928.710938
27.832031, -69.580078, 852.050781
51.269531, -19.287109, 1151.367188
91.796875, -67.138672, 1077.148438
81.542969, -58.837891, 1024.902344
25.878906, -170.654297, 1162.109375
43.945312, -169.677734, 1147.460938
77.636719, -217.041016, 1258.300781
69.824219, -227.294922, 1231.445312
97.656250, -271.240234, 1204.101562
122.070312, -201.416016, 1125.976562
164.062500, -189.697266, 1015.625000
323.730469, -176.025391, 946.289062
262.207031, -143.310547, 952.148438
195.312500, -159.912109, 1002.441406
208.007812, -124.755859, 1010.742188
48.828125, -228.271484, 1095.214844
76.660156, -190.673828, 1083.984375
-70.556641, -65.185547, 887.695312
-116.943359, -159.912109, 615.722656
-229.736328, -28.564453, 898.437500
-295.654297, -81.787109, 983.886719
-306.884766, -15.869141, 925.781250
-274.658203, 2.929688, 1000.000000
-147.705078, -69.091797, 976.562500
-74.951172, -105.224609, 1060.546875
-,-,-
-70.068359, 11.718750, 958.496094
-58.837891, 0.976562, 1042.480469
21.484375, -27.587891, 1054.687500
-79.833984, -9.033203, 959.472656
-115.478516, 5.859375, 868.652344
-41.748047, -32.958984, 876.953125
-57.861328, 18.554688, 752.929688
-44.189453, 10.742188, 776.367188
-22.705078, 105.957031, 781.250000
-87.158203, 151.367188, 797.851562
-96.923828, 121.093750, 918.945312
-24.658203, 51.757812, 915.527344
7.324219, 30.761719, 979.003906
-133.056641, -56.884766, 1057.617188
-136.474609, -79.833984, 927.734375
-107.666016, -158.447266, 1203.613281
-145.263672, -46.142578, 1237.304688
5.371094, -11.474609, 1253.906250
43.457031, -58.349609, 1306.152344
119.628906, -214.111328, 1248.046875
210.449219, -141.357422, 1081.542969
182.617188, -161.865234, 1029.296875
231.445312, -127.685547, 972.167969
228.515625, -173.095703, 996.582031
241.699219, -165.771484, 1086.914062
118.652344, -125.732422, 1052.734375
-43.212891, -124.755859, 1059.570312
-165.283203, -43.212891, 1016.113281
-128.173828, -158.447266, 955.566406
-281.005859, -70.068359, 976.074219
-347.900391, -90.576172, 917.968750
-281.005859, -46.630859, 962.402344
-329.833984, 4.882812, 905.273438
-219.482422, -27.587891, 984.375000
-183.349609, -23.193359, 1008.789062
-,-,-
-60.302734, 115.234375, 985.351562
78.613281, 88.378906, 1010.253906
123.535156, 90.820312, 1011.718750
-32.958984, 122.070312, 953.125000
16.601562, 72.753906, 959.472656
-34.912109, 57.128906, 882.812500
-117.919922, 25.390625, 855.468750
-13.916016, 83.007812, 807.617188
-56.884766, 139.648438, 772.460938
-49.560547, 197.265625, 840.820312
164.062500, 117.187500, 838.867188
17.578125, 185.546875, 843.750000
-10.986328, 154.296875, 836.914062
44.433594, 109.375000, 852.539062
-30.029297, 90.332031, 930.664062
-22.216797, 47.363281, 924.804688
33.203125, 15.136719, 1094.726562
38.574219, 17.578125, 1190.429688
-51.025391, 87.402344, 1342.773438
-30.029297, -22.216797, 1352.050781
52.734375, -267.333984, 1368.164062
41.015625, -196.044922, 1179.687500
36.621094, -128.173828, 1002.441406
259.277344, -67.138672, 967.773438
374.023438, -116.455078, 968.750000
416.992188, -125.732422, 948.242188
384.765625, -187.255859, 1012.695312
239.746094, -190.673828, 1018.554688
72.265625, -165.771484, 1049.316406
-140.869141, -129.638672, 972.656250
-82.275391, -76.416016, 1002.441406
-426.025391, -115.966797, 931.640625
-327.392578, -84.228516, 954.101562
-378.662109, -34.912109, 928.710938
-297.119141, -52.490234, 951.171875
-193.115234, -76.904297, 1002.441406
-162.841797, -97.900391, 1082.031250
-,-,-
-13.916016, -9.521484, 982.421875
5.859375, -68.603516, 958.007812
47.851562, -36.865234, 987.304688
-22.216797, -57.861328, 945.312500
-24.169922, -82.763672, 896.972656
-70.556641, -86.181641, 878.906250
-132.080078, -95.458984, 805.175781
-134.033203, -32.958984, 753.906250
-84.228516, 46.386719, 808.105469
-140.380859, 0.488281, 874.511719
-45.166016, 66.406250, 949.218750
-148.681641, 152.832031, 893.066406
28.320312, 13.183594, 1368.164062
-104.248047, -112.060547, 1184.570312
78.125000, -73.974609, 1185.546875
265.625000, -45.166016, 1283.691406
204.101562, -71.533203, 1094.238281
235.839844, -286.865234, 1176.269531
196.289062, -291.259766, 1048.828125
141.113281, -63.232422, 1235.839844
261.230469, -174.560547, 956.542969
277.343750, -150.146484, 1043.457031
80.566406, -180.419922, 975.585938
-43.701172, -148.193359, 965.820312
-106.201172, -189.697266, 1054.687500
-197.509766, -141.357422, 948.242188
-231.689453, -152.099609, 645.507812
-222.900391, -149.169922, 1202.636719
-245.849609, -123.779297, 994.140625
-246.337891, -125.732422, 955.078125
-229.736328, -83.740234, 995.117188
-186.279297, -109.130859, 1004.882812
-74.951172, -151.123047, 1041.992188
-,-,-
-119.873047, 0.976562, 984.375000
-58.837891, -1.220703, 945.312500
-132.080078, 19.531250, 905.273438
-153.564453, 10.742188, 871.582031
-187.255859, 52.734375, 839.843750
-201.416016, 27.343750, 833.984375
-191.650391, 35.644531, 803.222656
-134.033203, 16.113281, 857.421875
-29.541016, 67.382812, 816.406250
-134.033203, 33.691406, 875.976562
-135.498047, -31.982422, 894.042969
-139.892578, -134.033203, 1006.835938
-436.279297, -27.587891, 1083.496094
-189.697266, -184.326172, 1137.207031
-198.486328, -115.478516, 1149.414062
-307.373047, -135.498047, 1157.714844
-40.283203, -146.728516, 1239.746094
22.460938, -138.427734, 1198.730469
92.773438, -162.841797, 1168.945312
71.289062, -178.466797, 1099.609375
120.605469, -231.201172, 1058.593750
149.414062, -193.115234, 987.304688
164.550781, -187.255859, 978.515625
83.496094, -175.048828, 989.257812
-86.669922, -157.958984, 1051.757812
-185.302734, -140.380859, 979.980469
-251.708984, -42.236328, 1061.035156
-319.580078, -115.478516, 931.152344
-243.408203, -61.767578, 904.296875
-327.880859, -168.701172, 1018.554688
-379.638672, -111.083984, 958.496094
-283.935547, -126.708984, 1013.671875
-288.330078, -119.873047, 1019.531250
-163.818359, -150.146484, 1047.851562
-123.779297, -178.466797, 1048.828125
-,-,-
-28.076172, -72.509766, 1095.703125
-197.509766, 6.835938, 926.757812
-202.392578, -72.509766, 1028.808594
-106.201172, -31.005859, 988.281250
-242.431641, -27.587891, 952.148438
-230.712891, -48.583984, 924.804688
-189.208984, -17.822266, 872.558594
-181.396484, 46.875000, 800.781250
-145.263672, 105.468750, 810.546875
-25.146484, 67.382812, 821.289062
-69.580078, 36.132812, 875.976562
-62.255859, 87.402344, 872.558594
-6.103516, 21.484375, 922.851562
37.597656, -5.615234, 913.574219
-58.349609, 21.484375, 984.375000
-156.494141, 121.093750, 1089.355469
-46.142578, 33.203125, 1201.660156
-23.193359, -15.380859, 1228.515625
-11.962891, -2.685547, 1182.617188
6.835938, -42.236328, 1170.410156
3.906250, -48.095703, 1158.203125
10.253906, -155.029297, 1171.875000
30.273438, -111.083984, 1036.132812
106.445312, -127.685547, 1029.785156
178.222656, -84.716797, 932.617188
260.253906, -114.990234, 955.078125
187.988281, -80.810547, 905.273438
42.480469, -40.771484, 980.957031
56.152344, -105.224609, 954.101562
-75.439453, -54.443359, 906.250000
-456.787109, 18.066406, 1008.300781
-377.197266, -184.326172, 1037.109375
-337.158203, -59.814453, 1116.699219
-485.595703, -32.958984, 1093.261719
-301.513672, -24.169922, 1074.218750
-,-,-
-56.396484, -13.916016, 1020.507812
25.878906, -47.607422, 1007.812500
21.484375, -40.771484, 995.117188
-28.076172, -28.564453, 967.773438
-58.349609, -25.146484, 877.929688
-150.146484, -14.892578, 849.121094
-94.482422, 10.742188, 782.226562
-138.427734, 87.890625, 849.121094
-10.498047, -3.173828, 882.812500
13.183594, -8.544922, 941.406250
-88.134766, -42.236328, 853.515625
-105.712891, -96.435547, 926.757812
-48.583984, -66.162109, 979.980469
-39.794922, -84.716797, 953.125000
-179.931641, -41.259766, 997.558594
-45.166016, -13.916016, 1004.882812
-14.892578, 8.789062, 1084.960938
-118.408203, 54.687500, 1159.179688
61.523438, 8.789062, 1245.605469
72.265625, -150.146484, 1264.160156
55.175781, -241.943359, 1072.265625
91.308594, -255.615234, 1044.433594
204.589844, -265.380859, 1070.312500
329.589844, -257.568359, 1079.101562
356.933594, -247.314453, 1081.054688
279.296875, -249.267578, 1039.062500
64.453125, -231.201172, 973.632812
134.277344, -153.076172, 944.335938
-58.349609, -113.037109, 952.148438
-235.595703, -66.162109, 834.960938
-986.083984, -87.158203, 1137.207031
-627.685547, -9.521484, 919.921875
-408.447266, -65.185547, 931.640625
-379.638672, -36.865234, 987.304688
-377.197266, -52.490234, 991.210938
-167.724609, -116.943359, 1022.949219
-,-,-
-42.724609, -40.771484, 972.167969
6.835938, -46.142578, 977.050781
6.835938, -14.404297, 938.964844
-6.103516, -81.787109, 975.585938
-121.337891, -80.810547, 918.945312
10.742188, -105.224609, 863.281250
-109.619141, -35.888672, 728.515625
-90.576172, 14.648438, 784.667969
1.953125, -67.138672, 745.117188
-107.666016, -10.498047, 823.242188
-13.916016, -61.279297, 919.921875
-16.357422, -41.259766, 1843.750000
-93.505859, -109.130859, 1087.402344
13.671875, -116.455078, 1065.917969
24.414062, -126.708984, 1085.449219
59.082031, -110.107422, 1207.519531
97.656250, -218.017578, 1302.246094
95.214844, -440.185547, 1354.003906
95.703125, -454.345703, 1271.484375
92.773438, -432.373047, 1128.906250
230.468750, -370.361328, 1037.109375
249.511719, -270.263672, 952.148438
172.363281, -310.302734, 961.914062
143.554688, -270.263672, 919.433594
88.378906, -226.318359, 878.906250
-95.947266, -193.115234, 954.101562
-89.111328, -128.662109, 813.476562
-318.603516, -35.888672, 897.949219
-402.587891, -101.806641, 937.011719
-367.919922, -74.951172, 939.453125
-410.400391, -75.927734, 987.304688
-301.513672, -96.435547, 1008.789062
-212.646484, -174.560547, 1057.617188
-,-,-
-91.064453, -11.474609, 936.035156
-83.740234, -28.076172, 951.171875
-40.771484, -53.466797, 941.406250
-123.291016, -9.033203, 908.203125
-104.736328, -83.740234, 905.273438
-116.943359, -42.724609, 875.000000
-106.201172, -33.935547, 803.222656
-8.544922, -26.611328, 844.726562
-13.916016, -67.138672, 810.546875
28.320312, -51.513672, 922.851562
-9.521484, -47.119141, 878.906250
-57.861328, -103.271484, 1011.718750
-163.818359, -74.951172, 1083.984375
-140.380859, -11.474609, 1164.062500
22.460938, -55.908203, 1257.812500
-42.236328, -134.033203, 1178.222656
90.332031, -251.708984, 1289.550781
-27.099609, -344.482422, 1191.406250
41.992188, -293.212891, 1078.125000
202.148438, -228.271484, 1009.765625
62.500000, -119.873047, 881.835938
17.578125, -160.400391, 900.390625
58.593750, -160.400391, 848.144531
-117.919922, -236.572266, 830.566406
-247.802734, -239.501953, 697.753906
-543.701172, -124.755859, 918.945312
-489.013672, -169.677734, 1030.761719
-426.513672, -138.427734, 1028.808594
-433.837891, -155.029297, 1004.394531
-282.958984, -209.716797, 1065.429688
-,-,-
24.414062, 88.378906, 962.890625
66.406250, 53.710938, 1049.804688
3.417969, 36.132812, 1020.996094
14.648438, -17.333984, 1041.992188
0.976562, 2.929688, 982.910156
-46.630859, -10.498047, 925.781250
-114.013672, -31.982422, 891.113281
-68.603516, 20.507812, 812.500000
-70.556641, 45.898438, 830.566406
-43.701172, 31.250000, 817.382812
-15.869141, 57.128906, 893.066406
-13.427734, 49.804688, 864.257812
-30.029297, 71.289062, 929.687500
-122.314453, 46.386719, 919.921875
181.640625, 30.761719, 1049.316406
-56.396484, -8.544922, 1052.734375
-39.306641, 25.390625, 1098.632812
74.707031, 53.222656, 1222.167969
74.218750, -27.587891, 1300.781250
98.632812, -295.166016, 1281.250000
-30.517578, -220.947266, 1158.203125
-22.216797, -234.619141, 1034.179688
215.332031, -186.279297, 1048.828125
240.234375, -144.775391, 956.054688
209.472656, -138.427734, 987.304688
160.156250, -163.330078, 983.886719
119.140625, -146.728516, 997.070312
50.292969, -140.380859, 983.398438
-38.330078, -68.603516, 958.496094
-245.849609, -232.666016, 1035.156250
-284.423828, -15.869141, 947.265625
-429.443359, 21.484375, 920.898438
-298.095703, -26.123047, 922.851562
-150.146484, -6.591797, 1089.355469
-376.220703, -57.373047, 931.152344
-122.802734, -145.751953, 1054.687500
-144.287109, -147.216797, 1064.453125
